y shap val
11.082 0.87 0.488
10.862 2.669 0.515
10.725 1.391 0.517
10.71 -5.994 0.235
11.188 -4.887 0.2
11.248 1.2 0.713
11.064 0.581 0.404
11.138 -4.287 0.231
11.026 -0.503 0.338
11.261 -6.327 0.323
11.19 0.652 0.41
10.702 2.383 0.768
11.214 0.934 0.56
10.72 0.413 0.37
11.138 -5.038 0.223
10.805 1.471 0.481
11.218 1.06 0.433
11.025 -0.129 0.386
10.88 -0.106 0.413
10.954 2.01 0.798
10.717 -5.996 0.0
10.775 -3.12 0.294
11.102 1.378 0.498
11.088 -3.417 0.178
11.069 1.415 0.62
10.93 -3.97 0.253
11.298 1.954 0.577
11.289 1.229 0.49
11.111 -0.283 0.418
11.09 2.213 0.473
11.113 -6.756 0.282
10.933 -4.819 0.196
10.781 0.793 0.378
11.133 -3.901 0.265
11.015 2.518 0.527
10.886 1.978 0.442
10.992 1.109 0.791
11.234 -3.402 0.286
11.26 1.588 0.458
10.915 3.215 0.665
11.043 0.168 0.421
10.893 1.336 0.474
11.057 -0.919 0.334
10.903 -4.233 0.208
10.935 -0.254 0.367
11.234 1.185 0.521
10.836 2.077 0.643
11.074 1.552 0.867
10.75 -3.962 0.268
11.2 0.642 0.403
11.172 -4.375 0.31
10.844 1.825 0.883
11.226 2.12 1.0
10.735 0.741 0.498
10.902 3.179 0.57
10.79 2.172 0.458
10.97 1.802 0.599
11.178 2.223 0.435
10.838 1.566 0.628
10.731 -5.67 0.305
10.943 2.261 0.708
10.819 3.223 0.555
10.754 1.261 0.553
11.048 -4.198 0.0
10.879 1.453 0.713
11.103 2.551 0.879
10.82 -0.652 0.362
11.265 2.254 0.598
10.919 1.426 0.434
10.763 1.505 0.532
11.077 1.397 0.464
11.256 1.406 0.535
10.964 0.826 0.362
11.273 2.533 0.867
11.0 -0.414 0.35
10.955 -0.374 0.371
11.072 -1.44 0.334
11.297 -3.47 0.199
11.269 2.163 0.428
10.976 -8.145 0.321
11.155 1.24 0.593
10.998 0.237 0.394
11.018 -6.597 0.299
11.171 2.331 0.424
10.949 1.616 0.733
11.141 2.468 1.0
11.127 0.263 0.417
11.259 -4.958 0.268
10.769 -3.61 0.274
11.137 -6.703 0.257
11.256 1.719 0.581
11.281 0.653 0.427
10.709 1.105 0.555
11.218 -0.445 0.377
11.289 -7.487 0.265
11.274 -0.898 0.415
10.789 1.708 0.613
11.284 -4.416 0.282
11.234 -1.968 0.335
11.193 0.264 0.379
10.988 1.379 0.536
10.839 -0.486 0.411
11.181 0.941 0.381
11.254 1.375 0.564
10.86 0.374 0.326
11.023 -4.158 0.0
10.966 -0.183 0.421
11.259 2.613 0.785
10.724 1.295 0.615
11.139 2.081 0.425
11.069 1.8 0.608
10.717 -6.156 0.282
11.132 1.813 0.636
10.71 1.391 0.446
11.155 -6.508 0.302
11.008 0.052 0.371
11.257 -4.43 0.215
10.74 2.616 0.525
11.205 2.06 0.557
10.74 0.198 0.356
10.907 2.461 0.847
10.958 1.906 0.509
11.28 3.186 0.675
11.037 -6.278 0.093
10.855 2.965 0.596
10.845 2.219 0.485
11.233 -5.689 0.317
10.836 -5.212 0.298
10.775 1.855 0.585
10.873 -0.305 0.411
11.052 1.615 0.478
11.032 1.755 0.467
11.186 -5.929 0.305
11.036 1.643 0.584
10.873 -5.318 0.222
10.948 1.334 0.503
11.191 1.954 0.678
11.076 2.035 0.645
11.275 1.969 0.45
10.922 0.791 0.417
11.032 1.796 0.484
11.056 2.8 0.693
11.209 -5.161 0.272
10.787 2.015 0.516
10.944 -6.355 0.168
11.246 -0.266 0.367
10.726 -6.906 0.314
11.194 1.6 0.458
10.949 0.95 0.492
11.198 2.051 0.54
10.706 1.043 0.542
10.919 1.387 0.459
10.747 -1.72 0.341
11.092 2.477 0.874
10.864 -0.817 0.402
11.122 0.483 0.435
11.266 0.929 0.479
10.776 0.65 0.41
11.219 1.001 0.388
10.736 1.988 0.482
10.928 1.219 0.444
10.958 1.945 0.459
10.993 2.708 0.486
11.286 1.856 0.615
11.165 1.734 0.745
10.885 0.932 0.439
10.862 1.381 0.43
11.218 2.286 0.607
11.229 0.743 0.356
11.006 1.539 0.702
10.907 1.323 0.441
11.297 1.09 0.399
10.89 1.505 0.559
10.81 1.21 0.608
11.228 2.1 0.586
11.187 1.452 0.447
11.101 0.619 0.465
11.275 1.491 0.429
11.255 1.454 0.453
11.149 0.803 0.468
11.216 -3.37 0.232
10.848 -3.153 0.099
10.785 1.652 0.47
11.102 -3.753 0.253
11.129 0.218 0.419
10.8 -6.349 0.307
10.937 2.707 0.623
11.246 -5.703 0.301
11.037 2.261 0.45
11.047 -5.388 0.298
10.816 1.196 0.438
11.016 0.76 0.509
11.014 -5.697 0.024
10.753 1.423 0.635
11.289 1.0 0.528
11.043 -3.18 0.2
10.704 -7.099 0.15
11.164 1.948 0.523
11.287 0.517 0.407
11.054 1.011 0.367
10.892 1.111 0.498
10.813 2.575 0.499
11.104 1.515 0.579
10.817 1.135 0.748
11.047 0.826 0.518
11.061 0.434 0.422
11.277 2.583 0.708
10.743 2.496 0.842
11.0 -7.806 0.313
11.146 1.605 0.63
10.806 -6.471 0.318
10.933 2.35 0.671
10.738 -3.515 0.0
11.136 1.331 0.465
10.753 1.262 0.519
10.937 1.754 0.535
11.224 1.98 1.0
10.983 0.695 0.499
11.248 2.67 0.702
11.16 1.209 0.514
11.249 -0.443 0.332
10.776 1.634 0.525
10.744 -0.9 0.418
10.742 0.878 0.502
11.221 0.867 0.447
11.08 -4.963 0.244
10.998 1.003 0.942
10.798 2.163 0.628
11.104 -0.936 0.415
10.891 -6.701 0.156
11.127 -5.366 0.256
10.976 1.783 0.788
11.004 1.101 0.439
11.174 -0.976 0.346
10.756 -0.326 0.38
11.047 1.451 0.395
10.818 -0.41 0.338
11.185 2.102 0.47
10.993 -4.216 0.299
11.293 1.892 0.506
10.81 0.522 0.495
11.278 -7.193 0.17
11.181 0.016 0.405
10.989 2.567 0.55
11.188 -0.714 0.346
11.062 1.377 0.848
11.093 1.752 0.484
11.248 2.566 0.544
10.739 3.645 0.634
11.201 -4.243 0.235
10.929 0.804 0.513
10.895 -4.387 0.193
11.296 -0.554 0.404
11.169 1.061 0.508
10.991 0.834 0.364
10.954 2.412 0.471
11.227 1.24 0.489
10.752 1.37 0.636
11.125 -0.779 0.408
11.173 0.596 0.435
11.18 2.136 0.691
10.893 1.599 0.559
11.178 -3.38 0.311
10.835 2.73 0.53
10.917 -0.305 0.328
10.95 -0.513 0.353
11.025 1.366 0.685
10.768 -0.459 0.332
10.944 -7.838 0.137
10.7 -0.115 0.377
11.147 -1.806 0.346
11.211 0.865 0.385
10.783 -0.644 0.39
11.122 1.173 0.453
11.193 -0.811 0.399
11.289 0.229 0.385
11.206 2.073 0.491
10.954 2.386 0.501
11.288 -4.612 0.243
11.284 1.897 0.556
11.002 0.258 0.393
11.152 0.803 0.386
11.248 3.021 0.59
10.986 1.513 0.56
11.218 -0.029 0.402
11.121 -6.025 0.28
10.876 0.535 0.415
11.161 -2.051 0.254
11.042 -1.11 0.341
10.756 3.423 0.646
10.935 -6.937 0.275
10.744 1.372 0.498
10.986 2.789 0.501
10.957 1.735 0.451
10.954 -1.988 0.34
11.052 0.841 0.537
10.774 1.28 0.748
11.26 0.099 0.369
11.11 0.951 0.46
11.194 -3.509 0.299
11.238 1.23 0.491
11.05 -6.395 0.269
10.724 -0.554 0.336
11.127 1.729 0.495
11.041 0.514 0.419
11.196 0.618 0.527
11.019 -0.166 0.423
11.188 -5.476 0.309
11.298 1.587 0.437
10.91 2.395 0.481
10.803 2.376 0.442
10.935 0.362 0.324
11.152 -7.34 0.255
10.964 1.15 0.907
11.053 1.819 0.483
10.776 -0.15 0.353
11.136 0.672 0.773
10.868 1.386 0.472
10.814 -5.328 0.241
11.218 3.215 0.546
11.039 3.077 0.602
10.991 1.534 0.542
11.239 -0.778 0.34
10.752 1.975 0.648
11.118 -0.412 0.323
10.897 -0.368 0.376
10.805 2.593 0.448
11.105 1.559 0.475
10.918 0.967 0.577
10.898 -3.612 0.145
11.266 2.557 0.448
10.82 -2.929 0.0
11.007 0.97 0.46
10.714 -3.062 0.232
10.798 2.184 0.97
11.23 1.678 0.49
11.174 1.29 0.588
11.034 -0.652 0.326
10.833 -5.355 0.279
11.035 3.297 0.63
10.707 -7.515 0.305
11.128 0.841 0.437
11.13 1.777 0.496
11.088 2.201 0.678
11.067 -5.424 0.178
10.744 2.156 0.521
10.848 -7.935 0.153
11.045 0.737 0.539
10.937 1.633 0.506
11.295 2.998 0.828
11.254 0.534 0.379
10.791 -5.297 0.275
11.054 0.526 0.378
11.118 -6.8 0.242
10.782 1.127 0.532
10.888 0.27 0.407
11.13 -0.226 0.388
11.241 -1.21 0.347
10.905 -0.447 0.338
10.843 2.438 0.491
11.193 -0.496 0.332
11.051 -0.033 0.398
10.986 3.195 0.625
10.854 -0.886 0.412
10.744 3.153 0.724
10.711 0.227 0.361
11.048 2.619 0.432
10.815 0.816 0.513
11.285 -4.946 0.264
10.764 -4.453 0.295
10.971 -3.0 0.32
10.937 -0.667 0.387
10.839 2.373 0.473
11.149 -3.098 0.293
11.086 1.478 0.484
11.135 0.039 0.331
10.75 0.346 0.376
10.912 1.66 0.619
11.012 0.492 0.497
10.956 -6.27 0.203
10.724 1.133 0.446
10.816 2.529 0.757
11.267 -0.482 0.415
10.798 2.418 0.475
11.211 1.364 0.443
11.193 2.165 0.463
10.935 2.992 0.668
10.98 -0.242 0.336
11.194 1.974 1.0
11.108 2.283 0.432
11.202 -4.155 0.269
11.155 2.521 0.505
11.115 -6.674 0.283
11.248 -0.311 0.417
11.194 1.639 0.486
10.807 0.918 0.525
11.149 -5.538 0.195
10.752 1.174 0.509
10.956 1.167 0.484
10.938 1.036 0.624
10.821 -0.734 0.327
11.263 0.779 0.492
10.757 1.271 0.553
10.703 2.104 1.0
10.894 1.958 0.582
11.294 1.882 0.538
10.859 -0.469 0.404
11.198 -0.7 0.337
10.804 0.776 0.36
11.052 0.055 0.393
11.275 2.354 0.548
11.13 -5.776 0.32
11.288 -0.432 0.378
11.045 2.772 0.502
11.29 -0.175 0.363
11.202 1.575 0.6
11.167 1.002 0.471
10.233 -5.096 0.14
10.079 0.81 0.397
9.914 -3.646 0.001
10.017 1.446 0.223
9.836 -1.911 0.187
10.167 -4.317 0.183
9.802 2.819 0.317
10.046 -2.613 0.127
10.022 -4.091 0.115
10.103 -0.314 0.24
10.156 1.945 0.418
9.766 1.512 0.408
10.075 -2.874 0.17
9.948 2.158 0.289
10.069 -3.116 0.138
10.116 1.207 0.379
10.051 -4.238 0.153
10.14 -2.171 0.163
10.012 -5.137 0.18
9.978 1.762 1.0
9.872 -3.39 0.177
9.837 -1.382 0.127
10.117 1.496 0.858
10.117 -3.055 0.123
9.817 1.797 0.236
10.283 2.302 0.44
10.103 -1.185 0.054
10.019 0.473 0.213
10.205 1.351 0.277
9.992 1.56 0.279
9.986 -2.337 0.12
9.855 -4.636 0.165
9.794 2.187 0.268
10.127 0.765 0.374
10.206 1.561 0.238
10.107 -2.067 0.0
9.921 -2.412 0.11
10.045 -3.888 0.059
10.038 -1.785 0.188
10.262 2.851 0.67
9.933 1.466 0.274
9.799 -2.603 0.015
10.226 -5.01 0.175
10.237 2.0 0.239
9.729 -4.467 0.111
9.819 -2.836 0.177
10.082 2.399 0.423
10.173 0.159 0.523
10.064 0.423 0.31
9.815 2.951 0.475
9.771 -2.857 0.044
10.004 0.744 0.885
10.189 0.784 0.271
9.83 1.023 0.489
9.745 1.694 0.521
10.031 1.954 0.243
9.815 0.673 0.342
9.74 1.458 0.297
10.164 -0.169 0.212
10.193 2.125 0.568
9.939 1.541 0.469
9.876 1.671 0.504
9.866 0.54 0.58
9.917 1.53 0.364
10.046 -3.77 0.184
10.017 1.278 1.0
9.913 -5.321 0.17
10.082 2.053 0.26
10.105 1.518 0.52
10.035 2.031 0.707
9.932 -3.126 0.181
10.074 0.545 0.389
10.055 2.916 0.232
9.904 0.141 0.198
9.882 -3.938 0.121
10.027 0.109 0.313
10.067 1.173 0.506
10.066 -3.102 0.16
9.93 2.669 0.221
10.039 0.466 0.263
10.291 1.246 0.273
9.957 -3.385 0.022
10.206 -1.056 0.213
9.749 1.508 0.205
10.225 1.581 0.899
10.265 1.721 0.833
9.857 0.306 0.262
9.707 0.822 0.303
9.99 2.05 0.215
9.81 -2.388 0.06
10.283 0.979 0.249
10.239 -2.633 0.045
10.276 1.322 0.608
10.062 -4.495 0.194
10.009 -3.431 0.126
10.2 -3.936 0.113
10.091 1.227 0.487
9.849 -4.894 0.185
10.261 0.32 0.241
9.964 -5.241 0.138
10.164 1.465 0.266
10.001 1.651 0.453
9.81 0.843 0.268
9.878 0.896 0.285
10.045 2.015 0.263
9.786 1.189 0.234
9.708 -3.531 0.047
9.96 -2.322 0.174
10.157 0.605 0.691
10.068 2.936 0.263
9.894 1.345 0.425
10.13 1.024 0.261
9.991 1.003 0.371
10.3 -4.388 0.131
10.166 -2.405 0.19
10.198 0.318 0.203
9.856 -4.519 0.072
9.791 1.644 0.259
9.82 1.02 0.408
9.959 -1.98 0.187
10.007 1.719 0.423
9.817 0.486 0.445
10.168 1.178 0.563
10.221 -3.526 0.119
9.89 1.993 0.618
10.005 2.527 0.414
10.057 1.09 0.297
10.133 -4.774 0.106
9.788 0.553 0.333
9.869 -4.5 0.166
10.138 1.214 0.856
10.041 1.423 0.202
10.24 -2.018 0.029
9.969 1.941 0.352
9.944 0.39 0.267
9.884 -3.738 0.196
9.839 3.123 0.382
10.09 1.316 0.594
9.859 3.105 0.266
10.217 1.766 0.249
9.862 3.306 0.274
10.104 1.315 0.23
10.041 1.268 0.313
10.077 2.003 0.452
10.237 1.331 0.285
9.802 0.336 0.226
9.79 0.403 0.272
9.773 1.095 0.221
9.746 2.461 0.506
10.021 2.698 0.308
9.799 -4.544 0.142
10.184 1.511 0.348
9.714 1.015 0.322
9.925 2.352 0.568
9.984 -0.421 0.202
9.83 -4.5 0.186
9.914 -0.27 0.207
9.834 1.308 0.592
9.869 1.913 0.316
10.256 2.16 0.416
9.95 1.334 0.324
9.932 -0.837 0.017
10.067 2.155 0.274
10.098 1.705 0.45
10.096 1.506 0.38
9.751 1.873 0.336
10.049 1.278 0.526
10.142 1.613 0.819
10.177 2.612 0.224
10.053 1.941 0.588
9.778 1.06 0.397
9.75 2.863 0.635
9.894 -4.667 0.0
10.257 1.725 0.43
9.984 -3.8 0.073
10.237 -4.565 0.102
9.976 0.983 0.268
10.153 1.807 0.466
9.991 2.006 0.335
10.125 1.591 0.409
9.89 -0.413 0.138
10.234 -4.519 0.091
9.859 2.809 0.355
9.704 0.688 0.289
10.133 1.194 0.392
10.106 1.065 0.235
10.094 1.696 0.335
10.112 2.981 0.359
10.052 2.441 0.39
9.769 0.713 0.85
10.102 -3.863 0.154
9.704 1.273 0.647
9.81 -2.488 0.0
9.953 1.239 0.456
9.927 1.691 0.474
9.771 -1.555 0.179
9.956 1.218 0.277
10.074 0.97 0.237
9.926 3.166 0.326
10.125 0.98 0.302
9.839 -5.099 0.05
9.786 2.455 0.409
10.149 -2.842 0.169
10.101 0.4 0.394
9.958 -4.378 0.071
9.782 1.867 0.386
10.098 2.318 0.638
10.15 1.82 0.27
9.798 0.283 0.296
10.114 -1.74 0.179
9.913 1.657 0.345
10.249 1.169 0.65
10.151 1.722 0.392
9.864 1.735 0.449
10.263 -4.882 0.166
9.715 2.947 0.316
9.811 0.89 0.661
9.845 -3.73 0.0
10.139 -0.977 0.133
10.016 1.361 0.425
9.979 1.639 0.216
9.834 0.697 0.263
10.154 0.547 0.271
9.77 0.982 0.808
9.848 -2.068 0.048
10.184 2.349 0.331
9.971 1.3 0.947
10.226 1.997 0.517
10.061 1.353 0.311
10.174 0.292 0.303
9.812 0.799 0.307
9.89 1.376 0.331
9.926 -4.811 0.135
9.997 1.656 0.348
9.983 -2.807 0.002
10.193 2.304 0.316
9.804 -3.298 0.177
10.211 1.514 0.258
10.233 0.996 0.388
9.745 2.561 0.2
9.706 1.904 0.359
9.876 -0.478 0.223
9.94 1.224 0.248
10.282 -2.351 0.098
9.743 -5.306 0.077
10.169 1.141 1.0
9.985 0.882 0.337
9.778 2.733 0.435
9.92 3.038 0.332
9.929 0.993 0.247
9.846 -6.263 0.136
9.877 -1.682 0.193
9.952 1.089 0.361
10.277 1.487 0.311
9.975 0.784 0.236
10.27 1.405 0.28
9.718 1.132 0.287
9.74 1.027 0.405
9.717 1.673 0.397
10.1 -5.531 0.078
9.832 1.627 0.212
10.046 -2.127 0.1
10.177 -4.806 0.12
9.899 2.75 0.412
9.847 2.281 0.381
10.135 -2.941 0.189
9.986 -4.179 0.178
9.79 0.921 0.38
9.752 0.87 0.256
10.142 2.265 0.455
10.216 0.396 0.234
10.234 1.434 0.2
10.006 -4.786 0.045
9.792 1.139 0.506
9.835 -4.743 0.117
9.972 0.988 0.208
10.211 2.015 0.242
10.09 1.619 0.449
9.865 0.853 0.279
10.154 1.588 0.383
9.961 0.987 0.239
10.29 2.641 0.335
9.957 2.069 0.262
10.202 1.869 0.655
9.709 1.788 0.347
10.131 0.815 0.281
9.939 2.67 0.316
9.999 -2.716 0.122
9.819 -1.848 0.054
10.258 -0.785 0.066
9.82 0.965 0.364
10.037 0.908 1.0
10.058 2.608 0.362
10.215 -4.43 0.095
9.98 0.618 0.41
10.198 2.473 0.423
10.014 -4.467 0.119
10.274 -3.022 0.083
10.13 0.302 0.214
10.247 1.713 0.236
10.265 0.612 0.322
10.181 -2.229 0.166
9.773 -1.096 0.028
9.775 -4.626 0.051
10.07 3.175 0.45
9.863 -6.679 0.128
9.931 1.682 0.217
9.804 0.551 0.294
10.157 1.31 0.474
10.213 2.903 0.511
9.78 2.415 0.409
10.01 -3.195 0.157
9.937 1.509 1.0
10.174 1.719 0.31
9.979 2.788 0.266
10.138 -3.218 0.178
10.04 -3.927 0.142
10.287 -2.707 0.169
9.952 1.298 0.632
10.293 2.027 0.611
9.949 2.806 0.477
9.81 0.646 0.246
10.169 -3.263 0.1
9.863 -3.598 0.136
10.039 -1.358 0.013
10.088 1.519 0.403
9.82 2.473 0.408
9.721 1.45 0.267
10.292 -3.123 0.0
10.19 -3.899 0.184
9.774 2.019 0.232
10.209 1.523 0.262
9.855 -2.545 0.15
9.848 -2.861 0.178
10.164 1.14 0.759
10.154 2.719 0.366
10.208 -3.992 0.191
9.782 2.844 0.415
10.149 -1.872 0.143
9.982 2.834 0.53
9.896 1.081 0.289
10.141 1.252 0.374
10.207 1.725 0.265
9.893 1.057 0.373
9.793 -2.189 0.083
10.295 1.886 0.513
10.252 0.477 0.243
9.874 -3.883 0.073
10.189 1.404 0.568
9.754 1.895 0.502
10.248 2.691 0.426
10.165 -1.652 0.175
9.818 1.446 0.489
9.877 0.171 0.266
10.057 -6.948 0.135
9.913 1.078 0.284
10.142 0.897 0.232
10.055 1.005 0.299
9.824 -5.884 0.158
10.066 2.12 0.441
9.708 -3.294 0.118
9.767 -3.43 0.1
9.797 1.341 0.219
9.912 -3.822 0.129
9.707 1.243 0.34
10.258 0.233 0.214
9.844 -1.499 0.062
9.862 0.528 0.542
9.925 -4.473 0.031
10.264 -3.569 0.13
9.911 2.42 0.361
9.959 -3.253 0.166
9.879 2.287 0.209
10.286 2.968 0.328
9.919 1.622 0.327
9.75 -2.204 0.186
10.095 0.867 0.81
10.13 1.851 0.38
9.923 -3.62 0.17
9.827 1.677 0.268
9.946 -1.617 0.181
9.963 1.541 0.806
10.297 1.289 0.269
10.215 2.766 0.292
10.073 -2.378 0.162
9.816 3.236 0.64
10.113 1.63 0.327
10.155 -2.955 0.134
9.745 1.061 0.319
9.928 1.643 0.244
9.896 -4.088 0.006
10.042 -4.691 0.161
10.092 1.23 0.27
9.809 1.283 0.293
9.982 1.306 0.221
10.295 -5.569 0.182
9.71 -3.249 0.051
9.923 -4.484 0.152
9.901 -5.058 0.113
9.943 0.874 0.343
10.222 0.285 0.202
9.963 1.965 0.468
10.23 1.239 0.25
10.045 1.023 0.534
9.955 0.829 0.424
9.851 -2.287 0.133
10.194 1.026 0.594
10.087 0.877 0.274
9.827 1.826 0.306
9.778 0.95 0.231
9.775 0.912 0.694
10.245 -3.273 0.194
9.942 -4.795 0.096
10.192 2.6 0.472
10.237 -0.567 0.214
9.836 0.939 0.459
9.72 1.483 0.228
8.808 1.411 0.19
9.164 4.153 0.216
8.709 1.499 0.191
9.038 0.017 0.467
8.815 -1.106 0.552
9.16 -0.159 0.446
8.988 0.294 0.466
9.029 0.904 0.0
8.876 -1.481 0.94
8.974 -2.043 0.654
8.727 2.517 0.284
9.186 3.623 0.02
9.244 -2.4 0.728
9.152 2.044 0.343
8.997 -0.089 0.445
9.206 1.501 0.274
8.702 1.938 0.37
9.1 -1.334 0.633
9.16 -0.264 0.427
8.896 -0.892 0.441
9.214 1.442 0.303
8.7 0.252 0.449
9.079 3.559 0.0
8.881 -1.935 0.726
9.077 -0.149 0.413
8.851 0.2 0.512
8.826 -1.036 0.51
9.076 -0.619 0.407
8.998 -2.034 0.7
8.812 2.5 0.292
9.232 -1.081 0.528
9.229 -1.94 0.719
9.03 -1.083 0.646
9.124 -2.798 0.625
8.971 -2.329 1.0
9.181 -1.121 0.644
9.2 -2.012 0.55
9.158 -0.451 0.523
8.846 -1.592 0.54
8.715 2.162 0.299
9.095 1.787 0.345
8.947 -1.36 0.487
9.237 -0.435 0.499
9.216 3.3 0.277
9.02 -1.272 0.541
8.926 -0.527 0.422
9.128 0.097 0.476
9.126 -1.731 0.422
9.109 -1.105 0.547
9.205 -0.153 0.504
9.046 1.11 0.311
9.01 2.54 0.298
9.01 2.591 0.0
9.233 -3.763 0.591
8.92 2.627 0.251
9.205 1.991 0.397
9.003 -2.517 0.549
8.751 -2.034 0.617
8.969 1.462 0.188
8.875 -1.518 1.0
9.017 3.469 0.085
9.212 3.399 0.154
8.808 -3.583 0.541
8.985 -0.17 0.492
9.05 1.344 0.218
9.162 -1.776 0.646
9.265 0.751 0.387
9.03 1.411 0.215
9.253 -2.883 0.628
8.902 2.805 0.344
9.159 1.932 0.287
9.158 -1.363 0.493
9.031 0.497 0.464
8.804 -2.621 0.617
8.932 -2.427 0.911
8.875 2.119 0.328
9.28 -2.702 0.57
9.087 -2.059 0.755
9.245 0.181 0.533
8.878 1.994 0.122
8.957 -0.771 0.476
9.04 -0.62 0.511
8.913 -2.108 0.768
8.974 0.193 0.49
9.06 1.742 0.255
8.717 0.293 0.406
8.904 -2.623 0.753
8.7 -1.762 0.582
8.99 0.631 0.508
9.065 -2.163 0.877
8.756 -0.45 0.502
8.845 -2.504 0.963
9.182 2.599 0.324
9.204 -1.653 0.598
8.933 1.429 0.316
9.189 2.125 0.091
8.866 -3.476 0.685
9.124 -1.444 0.598
9.027 -2.116 0.736
8.964 -1.714 0.702
9.094 3.775 0.179
8.708 -2.71 0.742
8.797 -1.49 0.571
8.876 -3.967 0.791
9.108 0.389 0.445
9.124 1.256 0.244
9.108 -1.097 0.516
9.161 -1.494 0.582
8.748 1.536 0.329
8.764 1.157 0.421
9.213 3.111 0.309
8.914 -2.112 0.757
9.041 -2.297 0.696
9.002 -1.375 0.523
9.076 -2.019 0.739
8.746 -2.284 0.827
9.162 1.019 0.346
8.774 -1.195 0.568
9.109 2.343 0.319
8.941 -1.533 0.727
8.995 4.876 0.072
9.103 3.532 0.261
8.923 3.778 0.281
8.728 0.786 0.296
9.279 3.671 0.181
9.014 0.433 0.429
9.145 1.401 0.221
9.019 -1.772 0.746
9.192 -3.096 0.812
9.039 1.045 0.179
8.774 -2.062 0.94
9.085 2.317 0.311
8.804 -1.709 0.616
9.194 -1.796 0.662
9.109 -2.039 0.847
9.264 -0.054 0.453
9.077 -0.478 0.531
8.835 -1.765 0.719
9.034 1.998 0.391
9.163 -1.234 0.685
9.127 1.016 0.47
8.905 -2.901 0.76
9.093 1.748 0.238
9.261 -0.691 0.551
9.111 0.076 0.411
8.92 -1.383 0.645
9.246 1.293 0.299
9.197 -2.56 0.622
9.213 0.408 0.4
8.764 -0.019 0.485
8.874 1.849 0.191
9.174 -2.801 0.568
8.865 -0.61 0.516
8.744 4.545 0.069
9.11 -2.988 0.852
9.18 -2.258 0.672
9.085 -0.784 0.457
8.907 1.78 0.286
9.036 2.152 0.357
8.713 3.215 0.233
9.038 -0.275 0.51
9.214 2.225 0.198
8.747 0.045 0.487
8.93 1.704 0.353
8.799 -1.343 0.462
8.928 -3.785 0.924
8.708 -0.673 0.413
9.197 4.107 0.0
8.998 2.492 0.262
8.962 1.844 0.271
9.061 -0.369 0.494
9.21 -2.166 0.788
8.875 1.638 0.22
8.861 -2.809 0.552
8.73 1.51 0.362
8.86 1.982 0.171
8.74 -2.711 0.661
8.725 -1.385 0.515
9.032 -0.436 0.529
8.81 -0.552 0.399
8.745 -1.117 0.595
9.25 -1.792 0.712
8.789 1.399 0.333
8.757 -1.681 0.786
9.282 -2.529 0.67
9.1 -0.54 0.515
9.135 -0.035 0.429
9.038 -0.042 0.512
8.742 4.082 0.271
9.205 1.699 0.351
8.951 1.824 0.386
8.935 -3.145 1.0
8.781 -0.536 0.498
8.768 -1.885 0.534
9.013 2.54 0.183
9.041 0.263 0.458
9.011 -2.908 0.732
9.068 2.599 0.127
9.227 -1.982 0.794
9.003 2.36 0.28
8.927 1.641 0.163
8.854 3.233 0.26
8.884 -2.517 0.67
9.036 -1.0 0.409
9.177 -2.749 0.767
8.965 -2.483 0.854
8.724 2.303 0.347
8.813 4.005 0.364
8.754 -1.376 0.532
8.9 2.216 0.267
9.111 -2.598 1.0
9.054 1.575 0.097
9.097 0.943 0.095
8.973 -2.168 0.651
8.766 1.21 0.226
8.878 2.708 0.15
9.007 1.258 0.298
8.998 -1.845 0.568
8.846 -1.765 0.877
9.195 -3.478 0.604
8.96 0.896 0.434
9.207 -0.455 0.406
8.859 -2.46 0.748
9.265 -0.923 0.457
8.767 -1.643 0.584
9.162 -1.277 0.692
8.712 2.901 0.253
8.842 -2.93 0.761
9.222 1.646 0.366
8.91 -0.071 0.454
9.259 -2.897 1.0
9.258 1.766 0.113
9.18 -1.202 0.643
8.938 1.167 0.388
9.215 -1.65 0.783
8.974 -2.476 0.796
8.776 -1.466 0.765
9.211 0.472 0.415
9.19 -2.194 0.649
8.781 4.148 0.382
9.22 -2.844 0.636
9.011 -0.057 0.485
9.146 -2.017 0.877
8.861 3.467 0.345
8.829 0.923 0.395
9.209 -3.87 0.574
9.06 -1.255 0.432
8.789 -2.663 0.724
8.92 -1.723 0.603
9.215 1.918 0.266
8.981 1.143 0.266
8.902 1.427 0.242
8.905 -0.395 0.438
9.195 -2.27 0.573
8.973 1.808 0.262
9.269 -0.387 0.524
8.887 1.923 0.36
9.154 -2.616 0.541
8.871 -3.122 0.692
9.161 1.324 0.323
8.711 0.402 0.409
8.778 -1.172 0.517
8.856 -2.084 0.796
9.222 3.298 0.36
8.893 -1.362 0.748
8.99 1.001 0.294
8.764 1.921 0.294
9.04 -1.908 0.783
8.758 2.984 0.169
8.785 2.351 0.248
9.181 1.709 0.263
8.846 3.125 0.284
8.737 -1.831 0.618
9.061 -0.38 0.43
8.788 1.858 0.347
8.732 -0.254 0.505
9.198 4.228 0.17
8.938 -2.021 0.781
9.219 -1.992 0.646
9.146 2.267 0.279
8.821 1.869 0.304
8.751 0.573 0.44
8.803 -1.645 0.685
8.997 -2.79 0.608
8.915 1.344 0.267
9.199 -2.188 0.627
8.982 -1.948 0.542
9.033 -1.486 0.666
8.932 -0.412 0.477
9.153 4.253 0.155
9.113 0.875 0.235
9.111 -3.297 0.546
9.163 -1.766 0.554
8.939 2.544 0.365
8.771 -2.798 0.656
9.191 3.275 0.352
8.907 -1.302 0.501
9.115 -2.268 0.729
9.293 -1.073 0.429
9.121 0.486 0.448
9.244 -2.874 0.594
8.708 -1.283 0.716
9.062 -1.626 0.628
8.758 0.181 0.447
9.224 -1.242 0.651
9.276 -1.147 0.524
8.72 1.833 0.225
8.78 -2.669 0.687
9.2 -2.617 0.58
9.112 0.234 0.535
9.289 -2.251 0.95
9.154 -0.051 0.494
9.057 1.333 0.295
9.024 -0.404 0.403
8.706 2.831 0.207
9.17 2.177 0.326
8.93 -0.982 0.452
8.764 3.686 0.061
9.028 1.46 0.192
8.922 2.954 0.285
9.064 4.309 0.377
8.71 -0.665 0.503
8.799 -0.413 0.487
9.024 2.313 0.292
9.066 1.931 0.254
8.749 -2.608 0.737
9.082 -2.61 0.771
9.205 -2.681 0.653
8.872 -1.997 0.838
9.013 -0.079 0.445
9.244 3.598 0.342
9.122 2.684 0.251
8.824 -0.393 0.485
9.28 0.209 0.449
8.905 3.372 0.378
9.195 2.622 0.135
8.972 0.68 0.296
9.174 1.732 0.213
9.253 -1.34 0.592
9.242 3.226 0.351
9.183 -2.498 0.574
8.894 -3.323 0.882
9.248 1.966 0.342
8.792 -1.706 0.578
8.856 1.657 0.361
9.088 2.033 0.114
9.149 2.06 0.203
8.73 -0.661 0.464
8.861 -2.085 0.653
8.921 4.699 0.178
9.208 0.463 0.503
8.701 -1.766 0.834
9.234 -2.482 0.631
8.901 -2.673 0.553
9.07 -1.183 0.582
9.261 0.336 0.474
8.737 1.691 0.129
9.027 -2.487 0.86
8.833 0.948 0.333
9.121 2.992 0.395
9.191 -2.732 0.712
8.848 -0.119 0.492
9.216 3.064 0.076
8.806 -2.189 0.986
8.988 3.137 0.043
8.779 1.564 0.296
8.885 2.441 0.079
8.924 1.952 0.239
9.117 -1.228 0.601
8.89 -1.502 0.736
9.018 0.9 0.438
9.091 -2.014 0.573
9.171 0.671 0.426
8.876 -0.656 0.855
8.734 0.089 0.486
8.842 -0.525 0.59
9.028 -0.398 0.51
9.227 1.443 0.287
9.095 -2.222 0.601
9.064 -1.505 0.592
8.719 -1.908 0.562
8.999 3.799 0.261
8.899 -2.379 0.865
8.908 -1.186 0.657
9.276 -1.782 0.783
8.798 2.843 0.362
8.753 -0.089 0.501
8.883 -1.259 0.512
9.086 1.835 0.077
8.862 -0.009 0.529
9.123 -1.498 0.797
9.117 -0.232 0.426
8.963 -2.138 0.823
9.201 -2.971 0.643
8.894 -2.516 0.909
9.074 0.783 0.347
9.024 -1.563 0.813
8.743 1.008 0.395
8.908 -1.021 0.476
9.038 -2.402 0.775
9.286 -1.371 0.661
9.17 -0.259 0.437
8.989 -3.169 0.564
8.818 3.76 0.0
8.862 -2.479 0.604
8.725 -1.792 0.746
9.049 -0.243 0.46
8.955 -0.526 0.437
9.095 2.505 0.381
9.019 1.547 0.214
8.95 -3.239 0.805
8.911 -1.318 0.536
8.724 -1.829 0.729
9.29 0.272 0.449
8.745 1.526 0.201
8.715 -0.981 0.481
8.829 1.537 0.161
7.782 -0.985 0.711
8.177 3.419 0.332
7.791 -2.329 0.159
7.904 -1.818 0.034
7.708 -1.199 0.178
8.259 1.738 0.37
7.893 2.527 0.314
8.206 -1.997 0.091
8.277 3.76 0.346
8.136 0.117 0.201
7.856 3.754 0.324
7.995 1.956 0.436
8.17 -0.797 0.806
8.119 -0.655 0.075
8.197 -2.354 0.048
8.027 -2.075 0.184
8.095 -0.365 0.693
7.918 -1.444 0.156
7.815 -0.596 0.515
8.118 1.5 0.286
7.702 -1.052 0.201
8.17 2.155 0.203
7.704 -2.121 0.177
8.07 0.367 0.367
8.057 -1.427 0.148
7.763 -1.088 0.173
8.055 4.53 0.357
8.155 1.688 0.463
8.022 -0.284 0.233
8.104 4.092 0.239
8.125 -1.114 1.0
7.824 -1.177 0.174
8.256 -0.996 0.146
7.897 -1.048 0.178
8.05 2.321 0.236
7.762 -1.746 0.02
8.298 -1.213 0.116
8.092 -1.163 0.082
7.977 1.095 0.275
8.04 2.499 0.24
7.716 -1.305 0.132
7.844 1.608 0.337
8.285 0.086 0.203
7.749 2.064 0.254
7.785 -1.263 0.139
8.044 -2.714 0.008
8.164 2.26 0.29
8.212 -0.35 0.663
8.217 -1.414 0.014
8.156 -1.995 0.139
7.909 -1.229 0.11
8.049 -0.297 0.739
8.188 0.505 1.0
7.783 1.471 0.266
7.749 4.031 0.273
7.975 -0.757 0.198
7.886 1.182 0.238
7.702 1.399 0.205
8.01 -3.007 0.137
7.924 2.044 0.249
8.23 1.704 0.205
7.901 4.63 0.313
8.098 1.086 0.23
8.041 -1.282 0.141
7.88 -3.667 0.08
7.981 0.343 0.811
7.921 -2.216 0.1
7.843 -3.309 0.146
7.753 -1.369 0.157
7.731 -1.002 0.133
7.834 -3.407 0.143
7.75 1.215 0.294
7.79 -0.688 0.049
7.775 2.211 0.398
7.924 -1.254 0.089
7.843 0.982 0.299
7.703 -1.452 0.04
7.72 -1.331 0.058
8.294 -0.656 0.096
7.847 1.486 0.258
7.724 -1.107 0.177
8.076 -0.081 0.222
8.031 -1.723 0.047
7.933 1.641 0.207
8.14 -0.868 0.569
8.262 0.923 0.898
7.938 -1.058 0.04
7.925 -1.633 0.169
8.009 -1.156 0.141
7.841 1.721 0.281
7.804 -1.227 0.589
7.933 -1.509 0.1
8.106 -1.143 0.105
7.709 -3.198 0.074
7.783 1.61 0.361
8.185 1.896 0.21
7.899 0.159 0.803
8.035 -1.03 0.108
7.733 -1.119 0.195
8.03 -1.811 0.194
7.717 3.092 0.246
7.824 -2.294 0.037
7.969 -0.944 0.0
8.014 0.938 0.282
7.775 -0.419 0.004
7.975 -1.478 0.022
8.168 0.364 0.248
8.123 4.086 0.312
7.921 1.503 0.438
7.998 4.623 0.268
8.179 1.866 0.312
7.858 -0.411 0.514
7.784 0.494 0.213
8.281 -1.412 0.142
8.224 -1.122 0.18
8.225 -2.368 0.138
7.986 -1.981 0.084
7.721 2.642 0.28
8.146 1.891 0.241
8.174 -0.878 0.167
8.279 3.256 0.311
7.721 1.61 0.21
8.188 3.618 0.36
7.902 -2.059 0.065
8.1 2.997 0.273
8.24 -1.435 0.141
7.851 -1.693 0.0
8.296 -1.748 0.077
7.723 1.101 0.411
7.769 -2.176 0.06
7.988 -1.089 0.073
8.131 1.512 0.224
8.256 -2.648 0.048
8.208 1.289 0.337
8.282 -1.088 0.189
7.965 -1.966 0.108
7.944 2.614 0.419
8.054 -1.916 0.133
8.115 -1.666 0.021
8.242 -2.102 0.084
8.055 -0.637 0.082
8.244 -0.312 1.0
7.949 2.475 0.45
8.163 -1.997 0.067
8.299 -2.02 0.12
7.747 1.246 0.225
8.124 1.758 0.242
8.242 1.353 0.324
8.237 -1.674 0.138
8.224 2.813 0.26
7.867 -2.58 0.108
7.944 -2.396 0.181
8.005 -0.865 0.038
8.282 2.446 0.338
7.859 -1.753 0.157
8.096 -1.736 0.099
8.156 -1.78 0.166
7.788 -2.158 0.044
8.222 -0.398 0.156
8.003 -0.304 0.97
8.274 -1.476 0.135
8.234 -0.524 0.862
8.268 1.364 0.203
7.81 -3.595 0.105
8.201 0.581 0.209
8.218 -0.426 0.115
8.268 -1.377 0.141
8.09 0.177 0.811
7.921 4.529 0.273
8.052 -1.006 0.2
7.795 -1.848 0.137
8.298 3.178 0.31
8.133 -1.762 0.176
7.904 1.798 0.29
8.251 -2.99 0.119
8.127 -2.7 0.0
7.9 -1.321 0.135
8.258 1.388 0.243
7.895 -0.4 0.611
7.892 1.358 0.229
7.718 -0.468 0.19
8.121 -1.835 0.039
7.765 -2.384 0.075
7.729 1.25 0.235
8.094 1.378 0.243
8.281 -0.885 0.553
7.739 1.919 0.298
8.156 2.691 0.311
7.837 2.582 0.342
8.217 -1.586 0.176
7.707 -2.107 0.037
7.816 1.703 0.283
8.285 1.455 0.271
8.045 0.422 0.232
7.779 -0.504 0.574
7.703 1.883 0.206
7.945 0.102 0.212
7.961 3.095 0.396
8.02 -1.261 0.027
8.108 0.125 0.685
7.792 -0.113 0.868
7.891 5.375 0.273
7.732 1.134 0.479
8.298 2.304 0.271
7.954 1.847 0.264
8.107 0.123 0.761
7.871 -0.893 0.188
7.785 -0.357 0.699
7.816 0.564 0.264
7.709 3.045 0.339
8.113 -0.873 0.123
8.294 0.452 0.657
7.755 -1.848 0.044
7.799 2.125 0.381
8.181 -1.976 0.2
8.082 3.962 0.491
8.269 0.667 0.649
7.919 -2.235 0.087
7.957 1.196 0.804
7.872 0.992 0.319
8.183 -0.351 0.152
7.813 -1.204 0.142
7.928 -2.551 0.117
8.096 1.24 0.267
8.248 -1.33 0.101
8.188 1.702 0.393
7.751 0.74 0.523
8.218 1.119 0.385
8.175 -0.159 0.509
7.982 0.586 0.371
8.032 -0.797 0.094
7.966 -0.671 0.951
7.733 -0.765 0.129
7.892 -1.151 0.103
8.248 1.677 0.437
8.059 1.368 0.286
7.759 -2.985 0.041
8.031 -1.06 0.108
8.071 -1.312 0.066
8.187 3.153 0.236
8.049 -1.35 0.055
7.821 -0.869 0.198
8.282 -1.319 0.181
7.878 3.023 0.203
8.135 -2.338 0.112
8.113 -0.385 0.94
8.254 -0.416 1.0
8.159 3.471 0.34
7.933 3.274 0.419
7.729 1.937 0.263
8.094 -2.75 0.09
7.707 -2.073 0.122
7.731 -2.903 0.151
7.714 0.857 0.258
8.044 -1.047 0.041
8.172 3.888 0.263
7.742 1.356 0.269
7.892 -3.452 0.121
7.928 -1.234 0.119
8.24 -1.986 0.0
8.088 3.945 0.25
7.943 3.374 0.471
8.253 -0.898 0.126
8.112 3.249 0.343
8.103 -0.538 0.066
8.127 -2.009 0.058
8.025 0.714 0.847
7.98 3.792 0.303
8.283 1.209 0.252
8.043 -2.157 0.1
7.944 -1.475 0.03
7.756 -1.783 0.055
7.815 -0.98 0.191
8.29 -1.669 0.172
8.277 0.604 0.226
7.702 4.13 0.336
7.747 2.329 0.329
8.107 -1.63 0.085
7.831 -0.668 0.142
8.098 -2.621 0.051
7.826 1.924 0.413
7.938 1.838 0.221
7.896 -1.197 0.183
7.848 -1.07 0.156
8.165 -1.442 0.162
7.882 -0.734 0.049
8.249 -1.952 0.082
7.813 -0.457 0.065
8.237 -1.238 0.094
7.792 3.785 0.268
7.878 -2.22 0.179
8.29 0.188 0.232
7.728 1.529 0.51
8.203 1.306 0.559
7.798 1.293 0.306
8.011 -1.465 0.046
8.275 1.69 0.286
7.771 -0.546 0.646
7.926 1.109 0.385
8.005 -1.144 0.141
8.091 -0.401 0.685
7.902 -2.067 0.125
7.849 -2.091 0.156
8.245 -3.184 0.064
7.705 -1.3 0.19
8.289 -2.262 0.199
7.79 -1.78 0.197
7.839 -1.196 0.112
8.139 1.969 0.315
8.152 -1.49 0.125
8.008 2.959 0.403
7.713 -0.287 0.092
7.834 -1.514 0.181
7.825 -1.991 0.159
8.235 3.338 0.318
7.975 -1.486 0.136
8.16 0.108 0.573
8.244 2.697 0.24
7.936 -1.922 0.057
8.254 4.68 0.446
8.108 1.609 0.381
8.063 -2.527 0.112
7.97 0.738 0.238
7.965 -1.951 0.029
7.894 3.295 0.287
7.867 -1.313 0.176
7.991 3.275 0.283
7.945 2.721 0.262
7.857 -1.854 0.093
7.744 -1.075 0.547
8.284 0.642 0.561
8.044 2.247 0.343
7.902 -1.103 0.172
8.204 -0.835 0.146
7.992 0.651 0.792
8.202 -2.654 0.148
7.799 -1.894 0.117
7.787 -0.859 0.175
7.841 -1.865 0.064
8.216 4.239 0.298
8.159 -1.132 0.032
7.897 -1.607 0.074
8.26 1.663 0.226
8.216 1.876 0.276
7.933 1.409 0.27
8.06 -2.533 0.115
8.291 1.132 0.257
8.124 -1.479 0.09
7.819 1.403 0.243
8.059 2.652 0.245
8.235 -1.135 0.077
8.019 0.82 0.223
7.98 -0.908 0.135
8.147 0.485 0.221
7.972 -2.451 0.041
8.08 -1.071 0.138
7.704 -0.293 0.594
8.158 -1.771 0.0
8.277 -2.547 0.153
8.207 2.926 0.317
8.19 -0.44 0.706
7.984 3.424 0.272
8.141 4.034 0.299
7.993 -1.846 0.136
7.768 4.539 0.458
7.72 -2.968 0.184
7.909 4.709 0.346
8.202 -2.081 0.09
7.982 -1.662 0.121
7.767 -0.378 0.041
7.72 -1.594 0.162
8.017 -0.101 0.567
7.849 4.592 0.458
8.083 -0.92 0.068
7.877 -2.674 0.183
7.966 -0.48 0.121
7.785 -2.763 0.143
7.943 -2.036 0.161
8.041 0.032 0.23
8.018 -1.711 0.119
7.761 -1.04 0.193
8.216 2.757 0.315
8.128 -2.597 0.013
7.789 -0.332 0.077
7.766 -0.786 0.148
7.804 -1.55 0.049
7.946 1.944 0.205
7.847 -1.254 0.065
7.837 -0.341 0.549
8.077 -1.005 0.168
7.772 -1.282 0.078
7.828 4.334 0.282
8.249 -0.293 0.185
7.771 0.472 0.402
7.834 1.391 0.281
8.245 -3.604 0.185
8.169 -1.575 0.092
7.969 -2.824 0.057
8.282 1.778 0.267
7.896 -0.01 1.0
8.056 -1.213 0.015
7.822 -1.4 0.015
7.976 -1.46 0.131
7.847 2.387 0.411
8.132 1.327 0.314
7.811 2.258 0.482
8.232 -1.041 0.063
8.238 1.642 0.288
8.161 -0.966 0.153
8.232 -2.609 0.06
7.881 2.881 0.294
7.731 -0.409 0.513
8.245 -0.549 0.141
8.046 -1.765 0.178
7.726 -2.295 0.092
8.166 -1.525 0.116
7.893 -1.658 0.042
7.271 -2.535 0.454
7.291 -0.451 0.261
7.062 -0.445 0.275
7.245 1.119 0.804
6.914 -1.085 0.474
6.865 -0.358 0.576
7.138 4.458 0.68
7.035 -0.932 0.413
6.715 3.584 0.629
6.909 -0.784 0.331
6.705 2.447 0.606
6.885 -0.558 0.281
6.981 -2.823 0.442
6.917 -1.291 0.393
7.014 0.773 0.883
6.718 -1.446 0.421
7.269 -1.909 0.468
6.827 -1.146 0.512
6.75 -2.185 0.506
7.064 -2.483 0.491
7.103 -0.778 0.48
6.893 -1.554 0.453
7.249 -0.65 0.373
6.793 -0.907 0.335
6.803 -1.688 0.357
7.206 -1.039 0.514
6.969 4.319 0.695
7.036 -1.882 0.228
7.161 3.178 0.916
6.985 3.142 0.793
7.234 1.767 0.7
6.834 0.341 0.582
6.994 -1.027 0.536
6.802 -1.35 0.515
6.843 3.751 0.638
7.068 3.618 0.597
7.061 -1.28 0.278
6.929 -1.011 0.482
6.705 -2.352 0.456
6.969 3.252 0.64
6.862 -1.455 0.432
7.297 -1.791 0.5
7.047 0.924 0.638
7.231 -0.709 0.525
7.115 -0.772 0.345
6.755 -1.743 0.49
6.994 -1.163 0.277
7.27 -1.545 0.159
7.019 -1.592 0.531
6.785 2.942 0.602
7.157 0.52 0.652
7.167 -0.825 0.054
7.141 0.755 1.0
7.096 -2.496 0.356
7.211 4.533 0.676
6.958 2.098 0.672
6.904 -1.958 0.19
7.237 -0.482 0.272
6.751 0.074 0.667
7.281 2.561 0.754
6.807 -0.877 0.344
6.901 0.928 0.575
7.181 2.4 0.822
6.775 1.161 0.773
6.924 0.211 0.594
7.089 3.361 0.883
6.898 -2.371 0.421
7.207 2.801 0.65
6.877 -1.33 0.553
7.054 0.806 0.128
6.912 -1.829 0.47
6.766 -2.228 0.422
6.867 -0.598 0.363
7.19 -1.828 0.364
6.89 -0.894 0.365
6.907 -1.658 0.398
7.233 -0.024 0.566
7.249 -0.765 0.499
7.044 -0.847 0.546
6.766 -1.197 0.444
6.856 -2.219 0.407
7.175 -1.33 0.275
6.928 -1.711 0.496
7.257 -0.843 0.541
6.928 -1.68 0.42
7.292 -0.563 0.174
7.093 -1.015 0.245
6.867 1.737 0.752
7.028 2.535 0.68
7.18 1.663 0.697
6.849 3.867 0.907
6.877 -1.512 0.355
6.95 -0.343 0.293
6.918 2.419 0.612
7.264 0.776 0.614
7.088 -1.209 0.261
7.054 -2.335 0.234
7.268 -0.777 0.398
6.941 -1.359 0.488
7.112 2.144 0.687
6.801 -1.189 0.134
7.2 1.805 0.645
6.897 -0.917 0.508
6.987 -2.139 0.173
6.716 -0.679 0.358
6.788 -0.057 0.676
7.189 -1.597 0.362
7.105 3.809 0.657
6.703 -1.236 0.131
7.157 5.177 0.605
7.076 -1.523 0.174
7.269 1.327 0.625
7.258 2.422 0.616
6.953 -1.422 0.102
6.767 -0.853 0.362
6.952 3.499 0.616
6.938 -0.774 0.384
7.0 2.943 0.586
6.85 2.668 0.718
6.896 -0.573 0.305
6.738 -0.974 0.178
7.151 -1.623 0.321
6.868 -0.898 0.349
7.108 1.015 1.0
6.866 -1.372 0.428
7.205 4.099 0.693
6.843 1.632 0.7
6.772 -0.81 0.441
7.169 -1.623 0.212
6.837 0.317 0.62
6.805 -1.753 0.459
7.043 1.631 0.714
6.737 0.836 0.756
7.035 -0.546 0.259
6.711 -0.921 0.439
6.957 1.802 0.595
6.949 1.364 0.561
6.751 2.149 0.773
6.749 2.637 0.592
7.052 2.17 0.605
6.702 -1.006 0.423
7.139 -1.342 0.195
6.921 1.856 0.62
6.858 3.035 0.59
7.271 1.034 0.653
6.713 -2.329 0.523
7.076 -1.443 0.479
6.711 -2.035 0.449
6.929 -1.26 0.203
6.888 -1.587 0.318
6.748 -1.371 0.477
7.17 3.069 0.749
7.043 -0.635 0.556
6.746 -1.434 0.502
7.286 -2.211 0.537
6.766 -0.793 0.276
6.995 -2.725 0.525
6.718 0.766 0.887
6.943 -0.393 0.438
6.995 -1.116 0.222
7.214 -1.367 0.445
7.107 -1.514 0.416
6.911 -0.446 0.378
6.811 1.321 0.753
6.727 -1.708 0.021
6.897 -1.524 0.173
6.738 -1.488 0.545
6.806 -0.659 0.416
7.09 4.852 0.621
6.821 -1.292 0.407
6.924 0.473 0.635
6.704 5.797 0.882
7.248 -1.755 0.509
7.205 -2.102 0.157
6.757 -1.322 0.514
7.111 -0.937 0.259
6.995 -1.802 0.351
7.193 -2.196 0.528
6.807 -1.907 0.456
6.808 -1.744 0.366
7.272 -0.763 0.494
6.825 -0.936 0.43
6.961 1.835 0.756
6.8 2.558 0.736
6.895 -1.837 0.381
6.898 -0.459 0.559
7.065 -1.995 0.333
7.017 2.221 0.625
7.274 -0.935 0.491
7.185 0.838 0.592
7.146 -1.689 0.422
6.878 -2.155 0.543
6.882 -0.951 0.509
6.975 -1.386 0.123
6.876 -1.197 0.191
6.811 2.855 0.755
6.818 -0.558 0.297
6.927 0.411 0.65
6.902 3.029 0.598
7.265 0.672 0.702
7.063 -1.513 0.357
7.222 4.053 0.766
6.759 -1.054 0.074
6.723 -2.895 0.279
7.2 -2.702 0.528
6.962 4.554 0.9
7.03 3.283 0.754
6.864 -0.712 0.153
6.96 2.088 0.598
6.78 1.976 1.0
7.295 1.184 0.66
7.03 0.577 0.734
6.759 1.633 0.778
7.211 3.498 0.741
6.958 -1.569 0.457
7.081 3.925 0.669
6.794 1.311 0.611
6.937 -2.207 0.46
6.999 -0.925 0.176
6.998 -1.981 0.209
7.192 -0.409 0.343
6.997 -1.113 0.271
6.881 1.221 0.906
6.861 -1.895 0.317
6.885 -1.389 0.449
6.983 0.788 0.581
6.859 -0.935 0.0
6.719 -2.079 0.368
6.82 -2.439 0.535
7.047 -1.166 0.535
6.862 -0.951 0.424
6.899 -0.047 0.683
6.855 -1.401 0.355
6.758 -1.261 0.556
6.808 -1.361 0.314
6.853 -1.448 0.333
7.204 2.021 0.611
6.833 -1.294 0.386
7.197 -0.983 0.467
7.146 -0.44 0.282
7.285 -1.402 0.258
7.152 -0.9 0.347
6.769 1.92 0.624
7.264 -0.722 0.414
7.205 1.86 0.637
6.966 -1.858 0.059
6.96 -1.269 0.326
6.719 4.579 0.709
6.831 5.572 0.987
7.129 -0.956 0.48
6.766 -1.645 0.425
7.295 1.708 0.625
6.713 0.099 0.58
7.295 -1.451 0.389
6.878 -0.359 0.389
6.977 4.217 0.694
7.027 -0.548 0.575
6.874 1.729 0.592
6.832 -2.709 0.537
6.73 -1.91 0.459
7.194 4.9 1.0
7.283 4.299 0.69
6.775 -0.669 0.283
7.216 3.477 0.597
7.132 -0.38 0.337
7.15 -0.915 0.0
6.933 -1.747 0.0
6.735 3.159 0.74
7.114 -0.456 0.339
7.277 -1.354 0.475
7.095 -1.828 0.497
6.84 -0.003 0.366
7.022 -0.965 0.211
6.773 -2.036 0.313
7.131 -1.785 0.518
7.104 1.197 0.562
6.968 -0.989 0.447
6.705 -1.854 0.503
6.736 -1.342 0.476
7.109 1.936 0.924
7.115 1.016 0.635
7.045 3.675 0.665
6.837 2.429 0.569
7.098 -1.746 0.541
6.763 -1.009 0.39
7.077 -1.132 0.426
7.043 2.8 0.715
6.913 -0.947 0.456
6.831 -1.42 0.313
7.135 -0.648 0.25
6.809 -0.815 0.56
6.794 -2.122 0.377
7.08 5.172 0.704
7.096 -0.69 0.283
6.761 -1.976 0.413
6.857 0.343 0.312
6.759 -1.56 0.293
7.248 -1.926 0.508
6.705 -2.801 0.429
6.911 2.644 0.888
6.794 -2.515 0.38
6.98 1.933 0.612
7.244 -2.118 0.489
7.124 1.901 0.798
6.916 3.974 0.598
6.812 -0.198 0.578
7.123 -1.375 0.458
7.025 -0.253 0.57
7.132 -1.817 0.405
6.727 3.082 0.726
6.804 5.396 0.718
6.892 0.567 0.299
6.98 0.848 0.909
7.042 -1.649 0.0
7.037 2.201 0.576
7.026 -0.299 0.29
7.04 -1.981 0.127
6.95 -0.223 0.351
6.867 0.529 0.702
7.011 4.361 0.742
6.773 -1.041 0.295
7.15 -1.463 0.359
7.272 -1.668 0.448
6.732 -0.642 0.397
7.169 1.767 0.759
6.834 2.486 0.666
6.902 5.167 0.682
6.72 3.017 0.64
7.281 -1.484 0.477
7.037 -1.755 0.539
6.749 -2.052 0.479
6.893 -1.277 0.527
7.286 -0.377 0.294
6.736 -1.12 0.491
7.251 -0.559 0.0
6.868 1.989 0.784
6.747 -0.516 0.262
7.075 -0.253 0.569
7.238 -0.622 0.368
6.92 4.632 0.739
6.908 0.789 0.695
6.857 -1.775 0.554
6.887 -1.182 0.489
6.741 3.081 1.0
7.003 -1.345 0.529
6.905 2.571 0.607
6.8 -1.12 0.548
7.133 -1.015 0.299
7.236 -2.027 0.436
7.184 -0.343 0.234
6.781 3.007 0.651
7.248 -0.693 0.546
6.945 -1.356 0.269
7.249 1.1 0.599
6.75 1.669 0.78
7.29 -1.1 0.423
6.758 -1.539 0.449
7.147 0.918 0.692
7.129 2.026 0.603
7.154 -0.727 0.305
6.847 -1.732 0.402
7.149 2.811 0.618
7.008 3.983 0.655
6.728 -1.376 0.513
6.759 2.585 0.862
6.868 2.304 0.701
7.208 2.84 0.64
6.955 -1.842 0.442
6.864 0.485 0.585
7.021 0.273 0.577
6.898 2.2 0.706
6.885 -1.949 0.413
6.819 4.782 0.817
6.911 1.974 0.599
6.799 2.624 0.991
7.044 -0.362 0.552
6.926 1.156 0.726
6.724 -1.873 0.418
6.83 -1.683 0.351
6.987 -0.973 0.436
6.867 -0.726 0.218
7.229 -0.854 0.143
6.735 2.386 0.878
7.089 1.306 0.558
7.217 -1.363 0.503
7.252 -0.103 0.308
6.991 4.413 0.87
6.942 -0.812 0.314
6.721 -1.049 0.577
6.979 -1.282 0.46
7.09 -0.497 0.398
6.903 3.559 0.676
6.797 -1.212 0.526
6.982 -2.4 0.431
6.797 -1.589 0.263
7.035 1.786 0.692
6.974 0.027 0.568
7.297 0.68 0.988
6.798 -2.177 0.468
7.081 -1.628 0.156
6.82 -0.048 0.571
6.951 -1.327 0.272
7.148 -1.396 0.45
6.998 -0.963 0.43
6.916 -0.848 0.301
7.233 -2.285 0.438
7.223 -0.9 0.276
6.93 -2.122 0.526
6.757 -0.202 0.18
6.906 0.633 0.746
6.812 3.465 0.649
7.147 -1.709 0.45
7.083 -1.106 0.283
7.003 3.763 0.889
6.71 -1.845 0.549
7.28 -1.888 0.151
6.708 -0.897 0.271
6.016 -4.135 0.021
5.959 3.166 0.818
5.857 -0.351 0.272
6.234 0.017 0.521
5.906 -0.828 0.373
6.039 -2.77 0.228
5.778 0.498 0.422
5.731 -0.928 0.302
6.204 -0.111 0.374
5.777 -2.809 0.254
5.781 -0.253 0.381
6.094 0.904 0.581
5.829 1.912 0.976
6.169 -1.871 0.073
5.745 -0.308 0.328
5.719 -0.494 0.411
5.928 0.006 0.5
6.22 -0.039 0.345
5.781 0.34 0.54
5.703 -1.191 0.243
5.989 -0.119 0.545
5.969 3.132 0.635
5.963 -0.665 0.31
5.838 -2.799 0.186
6.126 2.687 0.637
6.211 -0.096 0.296
5.972 2.827 0.647
6.256 -0.119 0.55
6.13 -3.738 0.196
5.746 0.303 0.392
6.264 -0.011 0.408
5.936 -1.816 0.262
6.077 0.817 0.48
5.805 -0.876 0.28
6.013 1.681 0.603
5.832 -1.958 0.0
6.093 -2.305 0.03
5.884 -0.492 0.399
6.298 -2.231 0.179
5.765 -1.901 0.248
6.038 -2.602 0.157
5.81 2.25 0.648
5.877 -2.679 0.139
6.216 4.294 0.671
6.001 -1.509 0.211
5.753 1.11 0.918
6.137 2.793 0.648
5.966 -0.152 0.339
5.75 -0.318 0.337
5.991 1.966 0.814
5.967 -0.173 0.336
6.05 -0.581 0.283
5.961 0.447 0.468
6.061 -0.403 0.354
6.122 0.807 0.447
6.294 3.479 0.643
6.035 2.662 0.611
5.964 -0.312 0.268
6.127 1.361 0.686
6.248 0.76 0.406
5.714 0.058 0.288
5.722 0.264 0.435
6.286 -0.733 0.318
6.028 1.711 1.0
5.731 1.222 0.704
6.096 -0.004 0.444
5.758 -0.247 0.496
5.764 0.103 0.284
5.942 -0.36 0.368
6.098 -0.703 0.24
6.192 1.825 0.631
6.212 -3.452 0.205
5.932 0.784 0.398
6.288 0.289 0.522
5.784 0.411 0.597
6.102 -2.628 0.221
5.839 -0.864 0.27
6.125 -0.204 0.507
5.982 0.922 0.554
5.718 -0.298 0.521
5.727 -3.667 0.192
5.878 -0.225 0.336
5.758 -0.362 0.409
6.113 0.955 0.529
5.976 -2.605 0.019
6.086 2.52 1.0
6.1 -1.276 0.204
5.728 -0.392 0.364
5.949 -1.492 0.083
6.11 -0.403 0.37
6.242 -3.915 0.186
6.268 -0.472 0.431
5.93 -1.337 0.164
6.046 2.47 0.796
6.26 -2.577 0.213
5.727 2.797 0.701
6.286 -3.052 0.154
5.973 -0.756 0.279
6.21 -0.475 0.482
5.801 -0.511 0.505
6.262 3.168 0.809
6.165 -2.212 0.23
6.092 -0.03 0.354
5.804 -0.628 0.38
5.963 0.065 0.535
6.051 -2.136 0.084
5.941 -2.33 0.155
6.236 1.596 0.686
6.03 -0.67 0.363
5.753 4.117 0.633
6.225 0.402 0.561
5.887 0.266 0.611
5.803 -2.301 0.0
6.086 -0.492 0.316
6.185 -0.685 0.27
5.874 -2.379 0.136
5.992 2.329 0.881
6.281 4.215 0.63
5.965 -0.19 0.46
5.924 -1.539 0.142
6.03 0.602 0.494
6.124 1.613 0.678
6.086 -0.501 0.266
5.72 -0.337 0.475
6.264 0.122 0.333
5.975 -1.496 0.048
6.123 -1.582 0.25
6.059 -0.413 0.506
5.799 -0.315 0.301
6.297 -2.367 0.0
6.172 1.257 1.0
6.104 0.584 0.538
5.862 2.294 0.728
5.815 -0.761 0.235
5.754 2.988 0.663
6.035 2.217 0.697
5.827 0.405 0.541
5.953 -0.891 0.256
6.157 0.89 0.505
6.064 1.355 0.569
5.891 0.916 0.432
5.756 0.282 0.433
5.885 -0.19 0.528
5.818 -1.258 0.176
6.027 -0.757 0.354
5.953 -0.296 0.275
5.915 -0.389 0.371
5.932 -0.499 0.28
5.945 -1.689 0.228
5.956 3.852 0.715
5.896 0.076 0.431
6.156 -0.78 0.264
6.018 -2.511 0.18
5.707 3.365 0.676
5.946 0.967 0.734
5.835 -0.206 0.369
6.057 -3.09 0.076
6.204 -0.337 0.426
6.146 -1.745 0.08
5.774 -2.101 0.175
6.0 -0.417 0.36
5.979 -2.571 0.184
5.964 0.034 0.278
5.921 -0.213 0.518
6.112 2.471 0.85
5.773 -1.027 0.232
5.73 0.162 0.42
6.086 0.567 0.552
5.82 2.821 0.891
5.915 -0.014 0.446
6.253 -0.662 0.373
5.785 -1.608 0.152
6.21 -1.422 0.229
5.943 -0.489 0.54
5.815 2.819 0.635
6.291 -0.327 0.418
6.065 -2.922 0.188
5.833 -0.512 0.371
6.158 -0.503 0.356
5.922 -0.311 0.388
6.019 0.455 0.52
5.914 1.299 0.941
5.798 1.373 0.612
6.197 -1.896 0.217
6.124 3.802 0.626
5.856 -3.089 0.178
6.017 0.032 0.294
5.708 3.505 0.644
6.207 0.055 0.414
5.833 0.014 0.495
5.885 -0.357 0.31
6.234 -0.345 0.307
5.818 -0.053 0.445
6.106 -0.377 0.306
5.733 0.169 0.508
6.043 -0.339 0.319
6.162 -0.257 0.325
6.04 0.086 0.462
6.297 0.993 0.45
6.054 -0.177 0.267
5.952 -3.096 0.258
5.878 -0.217 0.309
6.08 -0.076 0.393
6.132 0.537 0.425
5.945 -2.813 0.262
6.27 -0.369 0.55
6.113 -1.344 0.115
6.066 -2.276 0.184
5.874 -2.83 0.036
6.29 0.316 0.419
5.846 -2.23 0.08
5.996 -2.036 0.217
5.976 -2.665 0.142
5.982 -3.947 0.091
5.916 -0.819 0.33
6.128 3.174 0.772
6.189 1.783 0.79
5.781 2.483 0.637
5.724 3.063 0.804
5.967 1.979 0.9
6.3 -1.222 0.09
6.1 1.507 0.727
6.066 -0.517 0.416
5.968 -0.861 0.371
6.178 -0.004 0.442
5.739 0.097 0.48
6.07 2.34 0.869
6.189 -2.531 0.192
5.918 -0.632 0.358
5.97 -2.264 0.122
5.882 -2.128 0.249
5.974 -2.044 0.213
6.095 -1.695 0.104
5.7 -3.068 0.071
5.725 -0.111 0.292
6.013 0.07 0.482
5.819 0.81 0.586
5.834 0.235 0.306
5.963 -1.487 0.258
6.032 3.507 0.759
6.145 -1.682 0.145
5.82 -0.569 0.429
6.221 -0.273 0.456
6.209 4.925 0.618
6.047 -0.17 0.487
5.779 -1.389 0.09
5.96 0.464 0.579
5.739 -1.701 0.203
6.28 -1.694 0.219
5.792 0.178 0.473
6.227 -0.573 0.387
6.015 -0.106 0.429
5.89 -0.612 0.364
5.748 0.197 0.551
6.039 3.132 0.613
5.936 1.623 0.58
5.771 -3.028 0.185
5.749 -0.66 0.382
5.982 -2.938 0.089
5.782 -2.633 0.065
5.86 0.585 0.471
6.288 0.281 0.35
6.124 -1.305 0.075
6.134 -0.622 0.27
6.286 -2.051 0.145
5.811 -0.034 0.529
6.239 -0.143 0.287
5.749 3.247 0.713
6.107 0.089 0.472
5.866 -0.533 0.284
6.205 -2.613 0.0
6.243 -0.125 0.297
6.015 -1.919 0.249
5.935 0.729 0.678
5.914 -0.462 0.551
6.264 3.279 0.694
6.215 1.486 0.585
6.224 3.404 0.764
6.105 -2.144 0.141
5.711 0.207 0.502
5.961 -0.087 0.439
6.253 -0.08 0.395
5.755 2.966 0.62
5.918 -0.795 0.126
6.245 -2.905 0.253
5.869 -1.626 0.208
6.168 -0.195 0.3
5.875 -1.395 0.249
5.953 -0.569 0.292
5.808 0.326 0.277
6.229 -0.831 0.433
6.26 -0.1 0.493
6.085 -0.13 0.483
6.233 0.205 0.333
5.922 -0.934 0.397
6.298 0.446 0.451
6.201 -0.137 0.54
6.135 -2.514 0.126
5.741 -0.517 0.525
6.241 -1.13 0.262
6.2 -4.25 0.076
5.906 -1.803 0.133
5.988 -0.426 0.276
5.746 2.31 0.777
5.879 3.344 0.789
5.938 -0.448 0.357
5.927 0.828 0.592
6.163 -0.203 0.502
6.237 -0.107 0.413
5.952 -1.811 0.133
5.798 -2.661 0.206
6.244 1.594 0.581
5.786 -1.805 0.032
6.065 0.829 0.666
6.011 3.227 1.0
5.94 -1.185 0.135
5.787 -0.437 0.437
6.067 2.301 0.776
6.255 -0.089 0.406
5.845 0.078 0.353
6.268 -0.795 0.127
6.014 1.145 0.789
6.127 -3.253 0.05
6.01 -2.14 0.25
5.798 0.113 0.516
5.749 -0.652 0.293
5.72 -0.053 0.545
5.728 0.131 0.559
5.969 -0.498 0.326
5.909 -0.684 0.323
6.13 0.194 0.461
5.941 -0.14 0.418
5.993 -1.864 0.223
5.781 -1.717 0.166
6.132 3.128 0.831
5.883 3.697 0.646
6.158 -1.971 0.127
6.11 4.1 0.615
6.086 -0.164 0.439
5.708 0.217 0.506
6.19 -0.376 0.347
6.071 0.046 0.457
6.064 2.645 0.627
6.201 2.163 0.66
5.826 -0.441 0.344
6.056 -0.051 0.319
6.284 -3.153 0.0
6.198 -0.591 0.434
6.252 -1.673 0.133
6.014 0.62 0.423
5.746 -0.083 0.318
6.098 -1.816 0.241
6.197 1.134 0.607
5.872 -0.78 0.308
5.976 -2.962 0.192
5.87 -0.375 0.371
5.808 2.488 0.67
6.212 1.342 0.837
6.107 -0.299 0.373
6.022 1.499 0.555
6.197 -3.538 0.194
5.848 0.679 0.512
6.104 0.175 0.273
6.27 2.57 1.0
6.185 0.268 0.347
6.121 -0.409 0.482
6.215 4.173 0.746
5.902 -2.387 0.129
5.916 -1.792 0.156
5.706 -1.282 0.061
6.116 -0.224 0.356
6.217 -0.13 0.511
5.952 2.675 0.612
6.231 -0.955 0.212
6.195 0.002 0.55
6.16 -1.369 0.107
5.918 -0.189 0.52
6.173 1.758 0.862
6.068 -2.482 0.155
6.272 2.328 0.776
5.786 -1.313 0.22
6.177 -2.099 0.197
5.963 -0.276 0.294
5.852 0.292 0.339
5.719 0.16 0.494
6.257 0.142 0.291
5.725 0.261 0.479
6.218 -2.89 0.009
5.929 -3.166 0.248
6.237 2.511 0.629
5.888 -1.358 0.257
6.099 0.078 0.454
5.919 -2.08 0.078
5.901 0.077 0.581
6.088 2.851 0.808
6.165 -0.669 0.279
5.785 -0.143 0.451
5.751 0.067 0.509
5.843 0.288 0.413
5.788 1.496 0.667
5.846 0.383 0.461
6.254 -2.533 0.155
6.244 1.925 0.964
6.071 2.25 0.694
6.244 0.977 0.608
5.876 -0.181 0.326
5.757 -0.493 0.442
5.919 -2.898 0.083
6.228 -0.062 0.355
5.717 -3.285 0.189
6.225 2.09 0.616
5.975 -0.474 0.507
6.147 -2.079 0.207
6.016 -0.1 0.28
5.754 -0.521 0.463
6.14 -0.396 0.513
5.777 -3.333 0.175
5.267 -1.765 0.209
5.007 -1.756 0.122
5.087 -0.435 0.286
4.709 0.634 0.503
4.782 -0.006 0.692
5.19 0.398 0.696
4.735 2.168 0.432
4.725 -1.537 0.0
4.752 1.311 0.465
4.805 -0.724 0.253
5.15 2.472 0.447
5.099 -2.99 0.102
5.174 0.212 0.628
5.157 2.036 0.36
4.739 -0.867 0.196
4.848 -2.081 0.296
5.257 0.778 0.392
5.021 1.329 0.46
5.122 1.069 0.468
5.286 0.806 0.7
5.256 -1.418 0.173
5.256 0.667 0.403
4.946 0.234 0.473
5.021 -0.853 0.239
4.74 -2.166 0.131
4.729 1.126 0.352
5.021 -0.275 0.324
4.838 -1.481 0.314
4.911 0.888 0.659
4.85 -2.733 0.177
4.98 -1.502 0.195
5.256 0.448 0.344
4.838 0.763 0.979
4.749 0.438 0.568
5.272 0.948 0.633
5.082 1.171 0.365
4.922 -0.96 0.104
5.002 0.097 0.626
4.758 0.662 0.356
4.887 2.56 0.497
4.723 1.247 0.375
4.79 -2.892 0.125
4.985 0.047 0.715
4.75 1.318 0.412
4.894 0.751 0.377
5.055 0.318 0.679
5.217 1.931 0.419
4.837 -3.947 0.112
4.918 -1.358 0.314
4.866 1.777 0.49
4.872 0.75 0.479
5.276 -2.036 0.216
4.96 -3.319 0.0
5.186 0.406 0.331
4.79 1.773 0.433
4.977 1.783 0.381
4.981 -1.478 0.206
5.073 0.59 1.0
5.104 -2.521 0.15
4.935 1.848 0.562
4.819 -1.252 0.192
5.267 2.235 0.411
4.922 0.794 0.473
4.775 -1.484 0.285
5.025 0.911 0.362
4.824 -2.74 0.192
5.18 0.147 0.569
5.114 1.256 0.56
5.06 0.584 0.847
4.709 -2.287 0.066
4.954 0.527 0.506
5.031 -3.019 0.104
5.158 1.948 0.391
4.905 0.388 0.345
5.261 0.648 0.449
4.968 -2.418 0.263
4.752 0.84 0.402
4.962 0.639 0.364
5.205 1.196 0.509
4.813 -2.602 0.149
4.893 -2.398 0.258
5.287 1.116 0.412
4.744 -0.81 0.314
4.903 1.772 0.498
4.964 -3.92 0.141
4.989 1.598 0.474
5.029 0.761 0.465
5.111 0.554 1.0
4.935 1.328 0.585
4.721 0.851 0.517
4.903 -3.386 0.096
4.713 0.442 0.51
5.001 -2.19 0.0
5.221 0.764 0.383
4.751 -0.73 0.248
4.944 -1.899 0.107
5.248 1.11 0.464
5.198 0.755 0.393
5.143 -0.651 0.326
5.126 -1.073 0.243
4.705 -2.453 0.117
4.961 0.849 0.594
5.234 1.084 0.445
5.133 0.885 0.549
4.911 1.225 0.468
5.036 -1.596 0.256
5.072 -2.699 0.12
5.218 1.665 0.544
5.029 -2.627 0.081
5.213 1.966 0.483
5.142 0.891 0.584
5.298 -0.803 0.27
4.905 -2.081 0.305
5.009 -0.451 0.278
5.079 0.525 0.598
4.709 0.776 0.608
5.023 0.982 0.394
4.982 -1.887 0.294
4.867 -2.477 0.181
5.069 0.9 0.379
5.133 -2.085 0.0
5.102 -1.302 0.305
5.244 -0.25 0.269
4.979 -1.584 0.024
5.127 -1.27 0.042
4.808 -1.153 0.267
5.092 -1.03 0.181
4.779 0.19 0.58
5.178 -0.871 0.28
5.187 0.102 1.0
4.784 0.656 0.894
5.255 1.063 0.732
4.993 0.196 0.575
5.248 -1.757 0.154
5.219 0.296 0.902
4.912 0.609 0.387
5.137 2.278 0.445
5.229 -2.324 0.199
5.299 1.128 0.619
4.852 0.904 0.613
5.173 1.107 0.761
4.932 1.695 0.444
4.741 -3.383 0.129
4.868 1.178 0.613
4.796 0.16 0.734
5.133 -1.208 0.289
5.027 -1.497 0.294
4.791 0.938 0.557
5.063 0.646 0.561
4.796 1.548 0.396
5.043 0.814 0.387
4.906 0.699 0.479
5.155 1.521 0.448
4.996 1.054 0.505
5.194 0.55 0.592
4.911 0.652 0.43
4.943 -2.116 0.297
4.864 -2.447 0.089
5.116 0.408 0.34
5.257 1.749 0.372
4.742 -1.412 0.264
5.05 -0.338 0.299
5.02 -0.373 0.274
5.205 1.385 0.492
4.986 0.593 0.454
5.078 0.841 0.85
4.879 -2.098 0.305
5.07 1.65 0.426
5.192 1.406 0.329
4.771 -2.815 0.173
5.103 -1.575 0.303
4.77 2.46 0.495
5.168 -1.362 0.055
5.013 -1.569 0.15
5.065 0.234 0.703
4.939 0.573 0.487
4.989 0.352 0.612
4.806 -2.03 0.27
5.192 0.628 1.0
4.848 -2.003 0.078
5.061 0.731 0.541
5.111 -0.045 0.639
4.877 1.685 0.563
4.772 -0.465 0.322
4.795 -0.592 0.296
4.786 0.919 0.456
4.987 -1.027 0.24
4.906 1.75 0.498
4.789 1.947 0.485
5.236 -0.796 0.232
4.854 -1.041 0.172
4.7 1.478 0.437
4.889 0.301 0.35
4.855 -1.315 0.106
4.938 -1.712 0.265
4.842 0.932 0.49
4.903 1.05 0.413
5.034 -2.897 0.084
4.74 1.424 0.582
4.741 -2.61 0.2
4.853 0.16 0.658
4.964 1.904 0.406
5.016 -0.202 0.228
4.882 0.88 0.36
4.717 0.58 0.487
5.231 1.726 0.518
4.871 1.639 0.375
5.0 -0.406 0.315
4.758 -1.346 0.325
4.786 -1.785 0.091
5.104 0.455 0.814
4.843 -3.48 0.169
5.067 -1.542 0.251
5.015 -2.208 0.305
5.019 -0.765 0.269
5.24 2.195 0.361
4.984 -2.973 0.271
5.248 0.408 0.361
5.061 0.654 0.813
5.145 1.056 0.559
4.983 2.166 0.397
5.081 -0.309 0.307
5.239 0.381 0.91
5.054 1.089 0.376
5.119 0.338 0.344
4.816 0.847 0.831
4.747 -1.566 0.175
5.272 1.337 0.743
4.81 0.904 0.408
4.888 1.461 0.414
4.945 0.654 0.535
5.19 -4.174 0.165
4.878 0.55 0.698
4.794 -2.071 0.321
4.956 -0.279 0.312
5.195 1.662 0.476
4.726 0.545 0.547
5.02 1.022 0.327
5.122 0.725 0.385
4.98 1.537 0.603
5.224 -0.464 0.337
4.929 0.317 0.693
5.124 1.344 0.446
4.801 -0.606 0.173
4.782 1.191 0.403
5.08 -0.015 0.328
4.958 -3.971 0.127
5.024 1.783 0.846
5.07 2.436 0.73
4.869 -2.652 0.17
4.993 0.022 0.661
5.205 -0.642 0.065
4.754 0.838 0.619
5.043 -0.991 0.271
5.197 1.467 0.4
4.712 1.323 0.736
5.129 -1.982 0.304
4.821 0.453 0.49
4.899 0.868 0.473
4.702 0.042 0.604
4.905 -0.539 0.305
5.201 -2.105 0.195
4.748 0.804 0.405
5.25 2.05 0.401
4.958 0.993 0.429
4.997 0.194 0.339
4.871 0.049 0.352
5.261 -1.48 0.188
4.819 -1.812 0.184
5.167 1.175 0.39
5.016 0.624 0.33
4.889 0.029 0.296
5.107 0.559 0.47
5.176 1.358 0.469
5.227 -0.641 0.299
4.737 1.368 0.511
4.711 -0.769 0.238
4.863 0.986 0.416
4.897 1.102 0.439
4.861 1.821 0.433
4.813 -3.672 0.122
4.869 -0.462 0.273
5.139 1.453 0.426
4.915 0.963 0.394
5.052 0.979 0.765
5.031 0.599 0.407
5.19 1.493 0.388
5.1 0.035 0.279
5.193 -0.108 0.234
5.032 0.031 0.25
4.73 0.67 0.453
4.918 1.131 0.453
4.865 1.868 0.364
4.825 1.515 0.437
5.09 0.602 0.518
5.197 -0.768 0.179
5.165 0.56 0.583
4.884 0.681 0.405
4.972 0.857 0.385
4.877 1.581 0.409
4.92 1.15 0.471
4.97 0.456 0.629
5.294 -1.37 0.193
4.748 0.578 0.336
4.945 1.032 0.69
5.25 0.023 0.638
5.047 0.728 0.34
4.915 1.084 0.535
5.154 -0.62 0.251
5.289 1.704 0.488
5.15 1.806 0.574
5.247 1.285 0.412
5.038 0.958 0.678
4.881 0.151 0.495
4.781 2.536 0.44
5.266 1.353 0.436
4.817 -1.349 0.068
5.177 -1.168 0.038
5.056 1.599 0.442
4.944 2.087 0.487
4.884 2.477 0.36
4.71 -0.528 0.309
5.243 -2.041 0.202
5.038 0.556 0.437
5.161 -2.021 0.118
5.096 0.828 0.503
5.235 1.805 0.681
4.762 0.148 0.351
5.115 0.625 0.403
5.122 0.716 0.415
4.983 1.501 0.709
4.816 -1.36 0.175
4.964 0.695 0.368
4.712 1.139 0.458
5.131 -0.51 0.259
5.292 1.646 0.392
5.21 -2.598 0.199
4.997 1.268 0.499
5.128 0.261 0.826
4.893 2.258 0.604
4.907 0.627 0.41
4.93 0.672 0.905
5.167 -1.661 0.224
4.912 -3.784 0.16
5.061 -1.133 0.218
5.176 1.802 0.427
5.258 -2.756 0.14
5.119 -0.743 0.251
5.023 -2.028 0.191
5.189 -1.129 0.044
4.934 1.91 0.528
4.98 -0.531 0.313
5.213 0.802 0.384
4.735 0.518 0.892
5.203 0.339 0.787
5.169 -0.946 0.229
5.283 -2.939 0.216
4.873 0.602 0.861
5.055 0.787 0.433
5.236 1.347 0.822
4.714 0.02 0.352
5.194 1.969 0.429
5.189 -2.063 0.242
5.09 0.26 0.608
5.047 -3.581 0.142
5.274 -1.539 0.194
4.937 -1.602 0.078
4.935 -3.333 0.109
4.918 0.005 0.707
5.002 1.201 0.376
5.123 1.61 0.51
4.964 0.935 0.424
4.96 1.579 0.356
4.813 -0.383 0.238
5.03 1.398 0.396
4.828 0.583 0.614
5.073 1.439 0.431
5.288 1.195 0.362
4.967 0.62 0.544
4.791 0.424 0.692
5.296 -1.708 0.127
4.934 1.464 0.478
5.0 0.785 0.386
5.224 1.063 0.596
5.125 0.375 0.597
4.979 1.916 0.443
5.218 1.903 0.431
4.849 -1.478 0.179
4.809 -1.431 0.223
5.091 1.666 0.394
4.929 0.283 1.0
5.021 1.444 0.513
5.151 0.533 0.63
4.983 0.973 0.414
5.264 0.747 0.8
4.788 0.981 0.373
5.203 -0.006 0.833
5.173 0.894 0.408
4.771 0.582 0.396
5.031 -2.696 0.167
5.17 -0.916 0.194
4.949 -2.506 0.0
4.991 0.5 0.361
5.147 -2.976 0.054
5.217 0.897 0.49
4.936 0.848 0.37
5.202 -1.772 0.18
5.187 -1.155 0.28
4.771 -0.245 0.22
5.101 -1.858 0.143
5.194 1.302 0.471
5.202 0.109 0.33
4.951 -1.3 0.15
4.829 1.991 0.615
4.802 -1.207 0.236
5.212 -2.373 0.065
4.9 0.138 0.898
4.183 -1.251 0.289
4.065 1.231 0.434
3.83 -1.289 0.304
3.952 -0.093 0.418
4.184 1.685 0.678
4.222 0.903 0.539
3.912 2.411 0.957
4.168 1.213 0.831
3.734 1.514 0.653
4.017 0.78 0.575
3.783 -1.676 0.247
4.277 -1.364 0.054
4.119 -1.436 0.283
3.913 2.438 0.635
4.277 0.256 0.411
3.76 -1.692 0.198
3.97 0.201 0.427
3.885 1.485 0.593
4.295 2.492 0.683
3.753 -1.179 0.064
4.017 -1.622 0.16
3.834 1.463 0.603
4.117 -0.798 0.055
3.982 -1.623 0.202
4.212 -1.353 0.344
4.13 0.757 0.488
4.157 0.834 0.398
3.889 -2.272 0.234
3.794 0.265 0.52
3.932 0.78 0.409
3.722 -2.184 0.222
3.846 0.467 0.52
4.069 3.133 0.671
3.821 -0.828 0.366
3.723 2.573 0.792
4.038 0.456 0.395
4.168 -1.008 0.107
3.813 -1.994 0.208
4.254 0.359 0.494
3.905 0.672 0.516
4.018 -1.224 0.197
4.08 -2.047 0.23
4.029 -1.574 0.273
4.05 1.017 0.403
3.762 -0.698 0.366
4.0 1.036 0.592
4.15 1.472 0.592
3.785 -1.997 0.25
4.257 1.445 0.637
3.738 0.202 0.388
4.168 -0.898 0.212
3.932 -1.498 0.288
3.876 -1.726 0.0
4.21 0.464 0.522
4.193 1.875 0.668
4.064 0.887 0.427
3.929 1.506 0.631
4.174 0.78 0.475
3.79 -1.49 0.327
3.94 2.612 0.68
3.953 -1.089 0.175
3.795 0.459 0.417
3.942 -1.01 0.286
3.921 -1.722 0.182
3.786 0.388 0.444
3.789 -0.161 0.467
4.279 0.079 0.527
3.741 0.59 0.452
3.774 0.052 0.471
4.28 -1.266 0.097
4.27 0.583 0.551
3.901 0.374 0.428
3.762 3.185 0.646
4.065 -1.008 0.318
3.963 0.385 0.466
4.271 0.1 0.399
3.777 0.259 0.453
4.167 1.16 0.563
3.715 0.348 0.407
3.825 -1.232 0.178
3.88 -1.76 0.311
3.799 -1.504 0.189
4.177 -0.26 0.466
3.804 2.892 0.694
3.976 -1.356 0.233
3.778 0.461 0.387
4.166 0.397 0.478
4.103 0.227 0.527
3.729 0.428 0.42
3.808 0.801 0.48
4.075 -0.637 0.386
3.954 -0.189 0.46
3.881 -1.377 0.144
4.078 0.246 0.402
4.231 0.099 0.422
3.982 -1.822 0.203
3.834 0.671 0.458
4.02 -1.669 0.357
4.058 0.322 0.435
3.826 -1.216 0.36
4.139 -1.856 0.183
4.025 1.177 0.616
4.094 0.87 0.478
3.972 -1.487 0.36
3.963 -1.202 0.228
3.826 -1.272 0.198
4.235 0.23 0.448
3.818 -1.618 0.255
3.85 -1.46 0.0
3.918 0.88 0.458
4.284 -1.988 0.176
4.031 -2.157 0.209
3.788 1.051 0.686
4.204 -1.332 0.15
3.874 -1.473 0.3
3.713 -0.028 0.427
4.139 0.776 0.454
4.277 -0.155 0.373
4.237 1.205 0.549
3.723 -1.106 0.351
3.977 1.588 0.727
3.815 -1.505 0.121
3.882 0.28 0.375
3.812 -1.045 0.124
4.17 -0.761 0.084
3.868 1.096 0.504
4.28 -1.409 0.108
4.015 1.305 0.595
4.043 0.842 0.487
4.173 1.247 0.783
4.108 1.478 0.626
4.217 0.759 0.395
3.776 0.582 0.486
3.997 -0.99 0.288
4.028 1.2 0.625
3.765 1.06 0.598
4.14 1.977 0.55
3.972 -1.502 0.231
4.072 2.293 0.78
4.218 1.449 0.636
4.125 2.901 0.854
4.163 -1.87 0.171
3.876 -1.047 0.256
3.968 0.583 0.501
4.254 1.15 0.889
3.933 -1.199 0.313
3.983 -0.847 0.362
3.778 -1.784 0.361
4.101 -0.416 0.368
3.836 1.158 0.441
3.799 -0.951 0.342
4.222 0.887 0.572
3.806 1.189 0.638
4.054 -0.967 0.3
3.86 1.411 0.75
3.99 1.271 0.55
4.25 -1.135 0.356
4.164 -1.811 0.241
4.161 -0.966 0.298
3.756 -0.959 0.183
3.764 1.358 0.557
4.163 -0.652 0.063
3.987 2.931 0.622
4.208 1.106 1.0
3.925 -2.115 0.335
4.078 -1.024 0.349
3.861 -1.697 0.333
3.941 -1.516 0.192
3.999 -0.499 0.359
3.805 -1.419 0.311
3.932 -1.573 0.346
3.913 0.072 0.367
3.844 -0.82 0.281
4.156 -1.18 0.292
4.064 0.656 0.497
3.96 -0.862 0.286
4.045 -0.141 0.524
3.968 -1.661 0.221
3.899 0.378 0.467
3.833 -1.801 0.161
4.12 2.628 0.532
3.708 1.116 0.576
3.761 -1.734 0.27
4.04 0.326 0.441
3.874 -1.721 0.351
3.872 0.221 0.531
4.161 -1.118 0.278
4.295 -0.386 0.365
4.019 0.752 0.394
3.702 -1.63 0.22
4.061 -1.246 0.268
4.154 -1.922 0.25
3.809 -1.808 0.184
3.846 -1.294 0.181
3.825 -2.063 0.054
4.171 1.233 0.578
4.259 -1.332 0.32
4.182 1.018 0.552
3.93 2.524 0.599
4.169 -1.199 0.011
4.027 -2.18 0.302
3.946 1.848 0.532
3.974 0.809 0.452
3.78 1.426 1.0
4.283 0.963 0.581
4.194 1.227 0.593
3.825 -0.612 0.333
4.087 0.797 0.412
3.763 1.325 0.625
3.757 -1.256 0.046
3.788 0.116 0.411
4.042 -1.259 0.138
3.891 -1.263 0.33
4.202 0.828 0.589
4.065 0.454 0.526
4.214 -1.459 0.187
4.278 -1.673 0.0
3.768 0.835 0.62
3.895 1.387 0.731
3.94 -2.101 0.246
3.92 -0.48 0.364
3.843 -1.47 0.158
4.124 1.028 0.704
3.807 1.837 0.952
4.123 0.376 0.512
3.933 2.044 0.717
4.018 0.381 0.418
4.094 0.122 0.397
4.089 -1.455 0.313
3.844 0.177 0.501
3.98 1.269 0.971
3.902 -1.821 0.0
4.287 1.291 0.572
4.077 -0.051 0.464
3.899 -1.585 0.218
3.85 0.614 0.461
3.708 1.434 0.78
3.748 0.481 0.449
4.187 -0.443 0.369
3.844 2.196 0.714
4.085 -1.516 0.136
4.271 -1.661 0.335
3.773 -1.679 0.336
4.261 0.807 0.436
3.814 1.492 0.563
4.231 -1.409 0.24
4.137 -1.665 0.353
4.193 1.696 0.568
3.914 1.936 0.541
3.874 1.444 0.786
4.055 1.73 0.704
4.071 -0.847 0.212
4.216 0.85 0.701
3.773 -2.237 0.285
3.943 -1.194 0.265
3.835 1.251 0.826
3.914 -1.361 0.125
3.858 0.13 0.438
3.772 -0.124 0.405
3.883 0.96 1.0
4.297 -1.248 0.3
4.115 -1.228 0.158
4.054 -1.023 0.354
4.18 0.655 0.47
4.086 2.19 0.531
3.978 0.307 0.482
4.01 -1.06 0.0
3.729 0.912 0.51
4.146 -1.911 0.232
3.914 -1.425 0.309
4.2 -1.528 0.261
3.948 1.62 0.543
4.109 -0.938 0.361
3.962 0.636 0.683
3.793 0.165 0.453
4.012 -1.389 0.35
4.279 -1.501 0.239
3.848 0.479 0.398
3.815 0.047 0.464
4.206 -1.473 0.101
3.928 -1.27 0.232
4.006 -1.245 0.146
4.037 1.594 0.569
4.049 -1.36 0.244
4.184 0.207 0.529
3.945 -0.984 0.368
4.004 0.962 0.508
3.75 0.409 0.505
4.226 1.201 0.666
4.104 -0.557 0.176
3.9 -1.367 0.345
3.806 -1.009 0.314
4.017 -0.208 0.362
3.805 0.753 0.431
3.919 0.285 0.481
4.03 0.044 0.395
3.994 0.553 0.449
4.033 0.312 0.481
4.299 0.368 0.466
3.829 -1.001 0.244
3.967 1.525 0.714
3.732 -0.061 0.412
4.186 -1.466 0.286
4.051 0.577 0.391
4.256 0.801 0.446
4.095 -1.745 0.263
3.986 -0.014 0.39
4.018 0.981 0.587
3.971 -1.419 0.348
3.9 1.967 0.977
4.063 0.236 0.397
3.95 2.983 0.563
4.192 -1.353 0.344
4.221 0.786 0.682
3.903 -1.218 0.21
4.115 -0.768 0.343
3.958 -1.31 0.049
3.846 -1.021 0.057
4.294 -1.255 0.271
3.843 1.039 0.412
4.096 -0.705 0.068
4.157 1.445 1.0
4.117 1.608 0.562
3.753 0.726 0.931
3.872 -1.027 0.264
4.11 -1.099 0.311
3.853 0.235 0.435
4.281 -1.465 0.366
3.965 1.949 0.618
4.031 -0.809 0.384
4.002 -1.255 0.293
3.959 -1.18 0.045
3.979 0.357 0.465
4.25 -1.358 0.325
3.714 0.721 0.459
4.282 1.153 0.59
3.769 -1.508 0.138
3.958 1.53 0.874
4.116 1.292 0.843
4.18 -1.193 0.322
4.095 -1.374 0.228
3.994 -0.202 0.469
4.234 -1.778 0.239
3.961 -1.754 0.273
3.848 -2.08 0.275
4.169 0.28 0.419
4.039 -1.101 0.131
3.781 -1.484 0.258
3.898 -1.647 0.269
3.754 2.012 0.982
4.025 2.366 0.67
3.79 0.298 0.458
4.13 1.45 0.658
4.033 1.0 0.794
4.283 1.407 0.618
3.707 0.35 0.461
4.13 -2.286 0.182
3.822 1.359 1.0
3.721 1.446 0.564
4.077 2.729 0.839
4.027 -0.721 0.382
3.881 2.402 0.714
4.004 -1.175 0.232
3.733 -0.841 0.381
3.956 -1.204 0.28
4.046 -1.13 0.212
4.225 1.432 0.502
4.208 -1.668 0.247
4.178 -1.606 0.31
4.253 0.429 0.514
3.951 0.702 0.515
3.969 -1.785 0.329
3.706 1.364 0.748
3.974 1.866 0.789
4.005 -1.312 0.343
4.033 0.869 0.453
4.272 -0.076 0.459
3.749 0.634 0.448
3.886 0.268 0.473
3.956 0.629 0.48
4.196 0.239 0.474
4.092 1.163 0.565
4.183 -1.216 0.249
3.761 -1.045 0.281
3.899 -1.099 0.137
3.711 0.673 0.476
4.254 -0.922 0.339
4.131 -1.416 0.186
3.916 -1.123 0.041
4.003 0.297 0.404
3.706 1.188 0.672
4.17 0.699 0.464
4.251 -0.291 0.43
3.854 -0.235 0.397
4.121 -1.501 0.322
4.007 -1.434 0.335
4.1 0.276 0.45
4.044 -1.202 0.262
4.015 1.865 0.575
4.054 -1.621 0.103
3.764 -1.484 0.266
3.753 -1.306 0.123
3.888 0.282 0.417
3.753 -1.888 0.255
3.927 0.361 0.529
3.749 0.843 0.434
3.8 -1.392 0.332
4.123 0.276 0.421
3.714 -1.108 0.279
4.053 -0.041 0.472
3.91 0.987 0.538
4.151 0.014 0.51
4.181 -1.215 0.212
3.769 1.317 0.636
3.94 -1.258 0.087
3.913 -1.791 0.276
4.083 0.675 0.736
2.894 0.506 0.226
3.088 0.919 0.357
3.2 -1.623 0.634
2.902 -0.077 0.246
3.053 -2.153 0.701
3.19 -3.193 0.982
3.29 -1.126 0.537
3.221 0.163 0.258
3.285 0.814 0.22
3.293 -1.647 0.647
2.739 0.694 0.476
3.058 0.903 0.44
2.707 -2.437 0.757
2.756 1.006 0.321
2.79 0.545 0.315
3.289 0.292 0.249
3.1 -2.113 0.593
3.084 1.368 0.44
2.73 1.254 0.381
2.961 0.466 0.292
3.178 0.217 0.276
2.97 0.945 0.401
2.72 0.371 0.191
2.919 0.798 0.39
2.718 -2.105 0.631
2.86 1.103 0.384
3.218 -1.848 0.553
3.124 0.575 0.474
2.86 -2.127 0.62
3.03 1.621 0.333
2.941 0.794 0.375
3.121 -2.163 0.619
2.966 0.585 0.515
3.224 0.761 0.427
3.256 -1.6 0.99
3.214 1.317 0.369
2.777 0.452 0.386
2.869 -0.836 0.566
3.243 0.062 0.542
3.263 0.688 0.133
3.271 0.518 0.485
2.707 0.354 0.208
2.907 -2.113 0.555
2.963 1.461 0.309
2.941 0.045 0.178
2.717 0.606 0.326
2.847 0.909 0.367
3.267 0.237 0.373
3.245 -0.022 0.275
2.778 1.024 0.289
2.73 -3.552 0.713
3.127 0.139 0.0
2.806 0.596 0.249
2.879 -1.094 0.525
3.299 1.064 0.299
3.23 1.131 0.345
2.793 0.666 0.318
2.923 -1.062 0.751
2.944 0.144 0.228
2.736 1.192 0.496
2.994 0.808 0.44
2.815 1.159 0.1
3.19 -2.832 0.855
3.232 0.791 0.427
3.072 0.612 0.071
2.834 0.812 0.131
3.013 0.829 0.454
2.953 0.762 0.304
3.255 -1.885 0.538
3.26 1.65 0.0
3.025 0.921 0.353
2.856 -0.442 0.52
2.849 1.482 0.415
2.817 -0.517 0.545
2.967 -1.698 0.759
3.134 0.475 0.174
2.72 0.213 0.486
3.128 -1.386 0.642
2.89 -1.043 0.695
2.917 0.517 0.102
3.3 0.533 0.402
2.811 -1.399 0.529
3.151 -1.248 0.55
2.935 -1.157 0.553
3.221 0.479 0.371
3.181 1.545 0.437
2.819 1.249 0.385
2.706 -1.587 0.98
3.293 -0.073 0.565
3.295 -1.853 0.596
2.847 0.187 0.183
2.85 -1.517 0.619
3.163 0.329 0.312
3.183 0.714 0.448
2.963 0.397 0.131
3.14 0.647 0.43
3.273 0.349 0.384
3.183 -2.135 0.646
2.969 -0.937 0.523
3.219 0.444 0.466
2.894 0.765 0.459
2.737 -2.797 0.592
2.704 -0.899 0.846
3.177 -1.948 1.0
2.851 0.917 0.211
2.944 -0.105 0.033
3.118 0.247 0.29
2.714 1.211 0.379
3.009 -1.332 0.696
2.773 1.681 0.425
2.775 0.614 0.282
3.042 -1.658 0.536
3.138 0.383 0.439
2.917 0.487 0.502
2.829 -1.582 0.526
2.981 1.074 0.4
2.946 0.751 0.401
2.996 -0.73 0.599
3.26 -1.342 0.671
3.082 0.986 0.437
2.757 1.669 0.0
2.774 0.652 0.248
2.719 0.989 0.2
3.063 -0.065 0.216
3.163 1.652 0.082
2.994 1.278 0.241
2.946 0.033 0.13
3.234 -2.294 0.617
2.718 -1.42 0.739
3.281 -0.921 0.922
3.085 -1.335 0.848
3.195 1.096 0.329
3.162 -2.212 0.593
3.231 1.298 0.172
2.762 -1.41 0.958
2.892 0.356 0.221
3.059 1.063 0.434
2.876 0.445 0.13
3.055 1.458 0.406
3.241 -0.903 0.7
3.104 -0.769 0.577
2.737 1.486 0.241
2.774 0.365 0.212
3.284 -1.417 0.801
2.742 0.494 0.342
3.205 0.941 0.38
3.292 -0.885 0.683
2.797 -1.281 0.582
3.122 0.17 0.215
3.185 1.563 0.25
3.271 0.095 0.169
3.206 1.09 0.319
3.149 -2.669 0.522
3.162 0.852 0.171
3.167 -1.461 0.659
2.755 -2.237 0.71
2.903 0.583 0.374
3.213 -0.098 0.197
3.143 0.761 0.261
3.271 0.661 0.179
3.205 -1.466 0.737
3.091 0.589 0.297
3.02 1.533 0.414
2.765 -2.857 0.962
2.96 0.326 0.169
3.277 -2.863 0.867
2.728 0.805 0.338
3.279 1.41 0.077
2.756 1.744 0.344
3.159 0.848 0.393
2.778 -2.509 0.592
2.89 1.281 0.351
2.884 0.608 0.233
2.913 0.635 0.123
3.215 -1.957 0.762
2.809 0.709 0.182
3.223 -2.189 0.549
2.925 -1.036 0.527
2.743 -1.523 0.818
3.227 0.099 0.171
3.16 -0.555 0.556
2.968 -1.106 0.649
3.092 1.056 0.444
3.106 -0.869 0.575
2.94 0.628 0.175
3.029 -1.93 0.553
2.942 1.247 0.437
2.987 -1.899 0.696
3.122 1.527 0.379
2.949 0.167 0.489
2.942 0.99 0.288
3.163 0.717 0.487
2.875 1.073 0.433
2.908 0.329 0.193
2.957 0.961 0.423
2.837 -0.388 0.583
3.223 -1.903 0.542
2.94 0.631 0.343
2.897 2.06 0.405
2.737 1.296 0.309
2.834 0.51 0.42
3.062 1.426 0.266
2.729 0.925 0.321
3.283 0.661 0.387
3.297 -1.996 0.628
2.785 0.959 0.289
2.73 1.185 0.277
2.952 1.329 0.401
2.859 -2.229 0.643
2.799 1.047 0.264
2.762 -2.839 0.863
2.993 -1.153 0.569
3.226 -0.223 0.014
3.292 -0.912 0.513
2.903 0.248 0.306
2.938 0.853 0.193
3.092 -0.391 0.52
2.93 -1.571 0.784
3.243 -1.699 1.0
3.176 -2.521 0.631
3.055 1.367 0.466
3.095 -0.563 0.551
3.128 -2.636 0.783
3.097 0.617 0.317
2.911 -0.885 0.585
3.024 -0.61 0.612
2.877 -0.231 0.48
2.87 -2.34 0.854
3.104 0.342 0.259
2.956 -1.977 0.619
3.204 -2.291 1.0
2.832 0.412 0.0
2.857 1.109 0.355
3.219 -0.119 0.167
2.915 0.949 0.474
3.283 1.225 0.415
2.779 -0.966 0.564
3.214 1.234 0.428
3.031 -0.678 0.555
3.022 0.951 0.205
3.02 -0.018 0.515
2.809 0.65 0.36
3.165 0.736 0.465
2.942 0.239 0.542
3.076 0.077 0.154
3.085 0.808 0.264
3.221 0.255 0.313
3.256 1.918 0.415
3.022 1.648 0.181
2.824 0.571 0.345
3.015 0.234 0.242
3.299 1.495 0.092
2.875 -0.323 0.114
2.842 1.18 0.431
3.144 0.62 0.228
3.234 1.214 0.451
2.817 0.539 0.404
3.128 0.544 0.299
3.272 -1.151 0.597
3.038 0.548 0.451
3.231 1.533 0.331
3.11 0.792 0.335
3.101 -1.695 0.574
2.781 1.339 0.322
2.836 -0.781 0.938
2.844 0.396 0.256
2.923 0.981 0.278
2.777 1.43 0.454
2.817 0.976 0.271
3.191 0.438 0.206
2.858 0.763 0.288
2.735 1.242 0.272
2.802 -1.64 1.0
2.848 -1.589 0.539
2.793 0.019 0.199
2.899 0.469 0.468
2.878 -1.085 0.605
3.169 -0.448 0.531
2.947 0.464 0.289
3.155 1.514 0.461
3.129 0.872 0.212
2.902 1.418 0.369
2.85 -1.222 0.691
3.279 -0.913 0.915
3.095 0.101 0.126
2.762 -1.578 0.693
3.161 0.968 0.354
2.718 -1.001 0.588
3.071 -0.077 0.513
3.222 1.562 0.181
2.731 0.012 0.478
3.035 -2.915 0.625
2.737 1.586 0.459
3.194 1.734 0.428
3.164 0.893 0.37
2.79 0.812 0.141
2.897 0.738 0.342
2.864 -0.863 0.528
2.995 0.457 0.483
3.019 -1.834 0.756
2.866 -2.243 0.533
3.126 0.67 0.417
2.816 -0.546 0.204
2.73 1.082 0.464
3.185 -1.16 0.833
2.796 -2.636 0.58
3.272 0.309 0.482
3.108 0.869 0.441
2.911 -2.303 0.749
2.85 -0.346 0.542
2.959 -1.964 0.718
2.814 1.801 0.407
2.89 0.284 0.218
2.815 0.796 0.321
2.712 0.966 0.476
2.986 1.227 0.504
3.146 -2.211 0.72
3.188 0.894 0.002
2.871 1.193 0.366
3.198 -1.276 0.529
3.136 1.743 0.275
3.124 0.596 0.401
2.98 0.619 0.335
3.018 -2.032 0.565
2.777 0.896 0.508
3.214 -1.863 0.583
3.093 0.757 0.198
2.922 0.838 0.382
2.938 -0.457 0.562
2.955 -2.539 0.683
2.951 1.162 0.456
2.803 0.976 0.268
2.838 -0.892 0.572
2.799 1.068 0.467
3.134 1.437 0.124
2.727 1.55 0.414
2.959 0.198 0.204
2.726 1.187 0.423
2.787 0.939 0.455
2.942 1.501 0.213
2.844 0.788 0.395
2.812 -1.882 0.8
2.973 1.043 0.46
2.915 0.563 0.273
2.817 -0.767 0.535
2.868 1.372 0.451
2.785 0.205 0.268
3.058 0.328 0.311
2.963 0.923 0.261
3.022 1.459 0.072
3.044 1.81 0.34
3.22 -1.191 0.56
2.909 -2.025 1.0
3.036 -1.804 0.546
2.879 -3.965 0.853
2.876 -1.188 0.621
2.94 0.184 0.267
2.912 -1.965 0.793
3.113 -1.696 0.647
2.954 -1.401 0.624
2.73 1.184 0.44
2.7 0.644 0.264
2.954 1.361 0.213
2.946 1.156 0.384
3.058 1.638 0.077
2.904 0.563 0.278
3.222 1.532 0.13
3.067 -0.118 0.136
3.138 -0.947 0.652
2.79 0.853 0.464
2.843 -0.831 0.724
2.943 0.625 0.246
3.067 1.478 0.21
2.807 1.731 0.456
3.169 0.301 0.183
2.896 -1.038 0.612
3.15 0.032 0.504
3.098 1.091 0.369
2.754 -1.985 0.553
3.104 -1.214 0.627
3.179 0.125 0.515
3.298 0.238 0.513
2.903 -1.957 0.735
2.722 -1.314 0.812
2.915 -1.347 0.54
3.051 1.36 0.253
3.025 0.907 0.494
2.719 -0.305 0.187
2.719 0.796 0.249
2.964 1.363 0.379
3.227 -2.174 0.947
2.743 1.536 0.353
3.198 -2.455 0.649
3.022 -2.687 0.597
3.23 0.817 0.413
2.914 -2.983 0.797
3.19 1.067 0.374
3.034 0.484 0.213
2.794 0.012 0.179
2.821 0.209 0.269
3.282 0.598 0.483
2.883 0.316 0.507
2.726 0.071 0.473
2.965 0.573 0.0
3.05 -1.879 0.724
3.115 0.61 0.508
2.7 -1.677 0.583
2.814 0.315 0.11
2.704 1.056 0.411
2.825 0.178 0.026
3.083 -2.244 0.529
2.883 -2.297 0.545
2.817 -2.338 0.571
3.158 0.517 0.517
3.02 -0.062 0.177
3.083 -0.244 0.192
3.182 -0.226 0.211
1.843 -1.432 0.345
1.735 2.396 0.022
2.098 -0.11 0.187
2.178 0.221 0.158
2.011 -0.111 0.174
2.185 2.954 0.059
1.917 0.796 0.185
2.129 -0.327 0.21
2.016 -0.02 0.211
1.896 2.713 0.039
2.102 0.622 0.182
1.774 0.599 0.154
1.998 -1.351 0.263
2.116 0.527 0.168
2.13 -0.903 0.243
1.772 0.839 0.078
2.146 -0.149 0.185
1.765 0.414 0.164
2.178 -1.214 0.314
2.096 0.072 0.207
1.843 -1.258 0.441
2.042 2.098 0.103
2.252 -0.848 0.524
1.73 -1.743 0.84
2.127 -1.248 0.745
2.106 -0.734 0.436
2.075 3.036 0.052
2.078 -0.876 0.238
1.89 0.402 0.123
1.713 0.932 0.157
1.931 -1.386 0.493
2.216 -1.03 0.293
2.013 -0.097 0.239
1.864 -0.546 0.259
1.839 0.628 0.166
2.014 -1.003 0.514
2.188 -1.424 1.0
1.726 -1.565 0.487
1.751 2.614 0.056
1.989 0.747 0.196
2.164 0.41 0.179
2.102 -1.015 0.219
2.086 -1.341 0.276
2.179 -1.317 0.458
1.827 -1.083 0.467
2.031 1.907 0.049
1.951 -0.804 0.675
2.188 1.101 0.085
2.28 0.748 0.1
2.196 -0.225 0.223
2.039 -0.041 0.194
2.251 -1.088 0.258
1.766 -1.086 0.52
2.048 -1.66 0.658
2.236 1.533 0.1
2.09 0.642 0.164
2.058 0.963 0.087
2.005 0.823 0.162
1.752 -1.406 0.28
1.776 0.485 0.118
2.152 2.911 0.0
1.844 1.119 0.073
2.18 -1.615 0.313
1.757 -1.456 0.473
2.163 -1.251 0.664
1.966 -1.575 0.323
2.182 -0.945 0.446
1.709 1.002 0.119
2.15 0.259 0.133
1.947 -0.897 0.645
2.282 1.944 0.072
1.851 0.995 0.063
1.944 0.474 0.159
2.099 3.184 0.024
2.123 -1.007 0.276
2.113 1.016 0.053
2.199 0.393 0.189
2.262 -0.325 0.11
2.134 -0.466 0.382
2.008 0.441 0.149
2.148 -1.693 0.701
2.289 -1.456 0.582
1.702 1.09 0.073
2.159 0.567 0.177
1.96 0.666 0.125
2.11 -0.502 0.229
1.83 0.987 0.101
1.837 1.102 0.091
2.164 0.562 0.21
2.156 -1.121 0.279
2.098 -1.031 0.299
1.726 -1.501 0.524
1.963 -0.852 0.352
1.857 -1.31 0.262
1.737 -1.435 0.235
1.821 -1.312 0.944
2.081 0.441 0.158
1.889 -0.829 0.395
2.213 0.181 0.158
2.128 0.079 0.193
1.839 -0.41 0.347
2.224 0.51 0.157
1.735 0.709 0.053
1.919 0.131 0.19
2.038 0.196 0.197
2.045 -0.668 0.368
1.754 -1.545 0.599
2.132 3.013 0.097
2.269 -1.278 0.677
2.133 -0.554 0.44
2.059 -1.617 0.542
1.867 -1.46 0.266
1.912 -0.791 0.299
1.718 -0.139 0.125
1.863 0.129 0.141
2.053 0.454 0.187
2.012 -1.171 0.5
1.774 0.642 0.203
1.907 -1.407 0.658
2.031 -0.849 0.371
2.015 0.486 0.193
1.782 2.763 0.0
2.199 0.954 0.062
2.214 -0.012 0.132
2.215 1.047 0.171
2.083 0.576 0.132
2.158 -0.486 0.419
2.174 -0.267 0.118
1.999 0.852 0.067
1.799 -0.887 0.333
1.935 0.825 0.087
2.109 -1.286 0.713
2.144 2.41 0.082
1.767 -0.452 0.442
1.77 0.683 0.087
1.901 0.319 0.189
2.29 -0.337 0.232
1.784 0.658 0.195
1.726 -0.452 0.328
1.821 0.961 0.103
2.147 -0.187 0.271
2.265 -1.811 0.819
1.721 -1.224 0.56
1.746 3.079 0.016
2.153 -0.564 0.217
1.961 0.823 0.087
1.789 0.791 0.068
2.19 -1.063 0.289
1.771 -0.473 0.278
1.975 0.344 0.191
1.838 -1.438 0.851
2.212 -0.85 0.246
1.966 1.019 0.052
2.266 -1.248 0.75
2.104 0.38 0.149
1.781 -1.062 0.38
1.989 -0.185 0.21
2.201 -0.707 0.235
1.784 -0.443 0.245
2.17 -0.835 0.461
2.299 -1.439 0.473
1.86 4.247 0.0
1.81 -0.228 0.241
2.089 -0.831 0.223
1.764 -0.079 0.208
2.175 -1.043 0.394
1.808 0.86 0.059
2.043 0.52 0.199
1.717 1.028 0.155
1.816 0.183 0.177
2.117 -1.118 0.214
2.065 1.371 0.136
1.785 0.022 0.142
1.814 -1.488 1.0
2.141 0.216 0.186
2.299 -0.719 0.257
1.858 -0.345 0.213
2.176 -0.94 0.282
1.734 -0.862 0.371
1.983 -1.771 1.0
2.255 2.356 0.093
2.059 -0.839 0.317
1.91 -0.637 0.407
2.132 1.017 0.143
2.042 -1.763 0.807
2.003 0.585 0.207
2.188 -1.363 0.572
2.168 0.745 0.146
1.965 -0.414 0.393
2.101 0.511 0.188
2.053 -0.954 0.343
1.903 -0.928 0.29
1.808 -0.002 0.125
2.032 -0.75 0.249
1.894 -1.052 0.523
2.158 3.289 0.06
2.207 -0.481 0.222
2.096 -1.088 0.346
1.857 0.845 0.186
1.992 1.252 0.106
2.261 -1.016 0.274
1.958 0.567 0.12
1.874 -1.453 0.26
2.176 1.684 0.025
2.276 -1.65 0.293
2.046 0.468 0.113
2.067 -0.995 0.378
2.049 0.763 0.172
2.065 0.441 0.153
2.165 -1.016 0.756
1.955 -1.116 0.243
2.007 1.155 0.084
1.772 -1.447 0.561
2.008 -1.45 0.317
2.213 -0.15 0.193
1.751 -0.598 0.345
2.245 0.794 0.159
1.783 -0.159 0.146
1.972 4.376 0.01
2.046 -2.324 0.883
2.288 0.299 0.126
2.108 3.106 0.019
2.057 -0.784 0.254
2.084 -0.618 0.474
1.918 -1.098 1.0
2.281 0.489 0.188
2.267 -1.336 0.577
1.868 -1.128 0.283
1.734 -0.604 0.256
1.83 0.836 0.07
1.731 -0.576 0.252
2.216 -1.422 0.289
1.914 -0.114 0.113
2.238 0.037 0.209
2.001 0.141 0.205
1.736 0.534 0.147
2.225 0.161 0.135
1.833 2.966 0.021
2.133 -0.401 0.401
1.721 -0.181 0.339
1.714 -0.852 0.267
1.905 0.85 0.06
2.028 -0.822 0.24
2.192 -0.987 0.586
2.273 0.006 0.119
1.73 -0.743 0.251
1.815 0.463 0.156
2.062 -1.248 0.266
2.007 1.06 0.134
1.975 -1.142 0.483
2.221 -1.061 0.364
2.181 -0.703 0.245
1.972 0.884 0.09
1.831 -0.799 0.429
1.718 2.433 0.018
1.909 1.046 0.066
2.167 -0.882 0.363
1.749 -1.265 0.214
2.172 -2.083 0.835
1.813 -0.809 0.326
2.243 1.07 0.16
1.774 2.454 0.097
1.893 -1.435 0.474
1.891 -0.555 0.437
2.299 -0.127 0.235
1.916 3.041 0.05
2.146 -1.143 0.239
1.907 -0.857 0.28
1.975 0.587 0.138
2.085 -0.63 0.468
2.007 1.308 0.097
1.835 -0.311 0.304
1.8 -0.295 0.134
2.266 0.898 0.1
2.061 -0.945 0.226
1.972 0.581 0.106
1.957 0.618 0.147
2.246 2.982 0.043
1.841 -0.508 0.4
1.833 -1.343 0.917
2.126 -1.685 0.97
1.913 -0.829 0.441
2.045 0.993 0.15
1.836 -0.824 0.284
2.257 -0.542 0.224
2.195 0.184 0.141
2.192 0.34 0.113
1.725 -1.206 0.801
1.713 4.378 0.036
1.743 4.446 0.0
1.907 0.209 0.129
1.895 0.61 0.137
2.211 0.965 0.204
2.205 -0.863 0.308
2.201 0.588 0.168
1.99 -0.658 0.3
2.035 -1.08 0.373
1.962 -1.004 0.356
1.922 -1.775 0.464
1.751 0.671 0.119
2.181 0.141 0.115
2.048 0.135 0.145
2.027 3.272 0.04
2.017 -1.37 0.534
1.797 1.075 0.166
2.197 -1.739 0.262
2.106 -0.81 0.324
1.968 0.599 0.08
1.913 -0.822 0.294
1.743 0.817 0.205
2.218 0.914 0.158
2.074 0.154 0.149
2.159 0.39 0.187
2.218 -0.7 0.425
1.911 -0.514 0.42
1.944 0.565 0.141
2.249 -1.135 0.451
1.765 -0.806 0.268
1.969 -1.816 0.662
2.086 1.598 0.086
1.784 1.186 0.153
1.901 0.238 0.127
1.858 -0.057 0.179
2.268 -0.17 0.13
1.701 0.524 0.183
1.821 -0.836 0.473
2.29 -0.556 0.406
1.876 0.435 0.13
1.823 -0.943 0.266
2.191 -0.201 0.159
2.166 0.538 0.176
1.935 -1.321 0.612
1.962 0.098 0.191
1.895 -1.03 0.372
2.199 1.081 0.101
1.796 -0.506 0.385
2.01 0.189 0.142
1.903 -0.644 0.277
1.726 2.047 0.098
2.236 0.996 0.178
1.917 -0.885 0.257
2.016 0.575 0.134
1.899 -0.503 0.266
1.807 -1.414 0.288
2.008 0.033 0.172
1.979 -0.672 0.24
2.145 -0.545 0.213
2.177 -0.156 0.178
2.086 0.58 0.187
1.748 -0.523 0.23
1.85 -0.774 0.273
1.807 -0.845 0.388
1.731 0.829 0.098
2.133 0.863 0.076
1.898 -0.002 0.185
2.01 0.273 0.15
1.995 -0.627 0.212
1.96 0.809 0.075
2.257 -1.513 0.648
2.022 0.47 0.179
1.783 0.126 0.166
1.754 2.709 0.09
1.989 3.101 0.042
1.767 -1.533 0.61
2.062 3.535 0.038
2.002 -0.507 0.283
2.207 0.648 0.158
2.09 2.266 0.0
2.245 -1.392 0.601
2.096 -1.098 0.295
2.192 -0.348 0.234
2.037 -1.168 1.0
1.986 -0.859 0.303
2.182 0.965 0.163
2.218 -0.672 0.431
2.026 -0.757 0.361
2.237 0.917 0.091
2.016 0.625 0.067
2.127 -1.588 0.613
1.879 0.556 0.185
2.191 2.001 0.09
1.738 0.463 0.107
2.09 -1.061 0.262
2.208 0.57 0.207
1.802 -1.127 0.398
1.796 -0.441 0.262
1.7 0.931 0.131
1.931 -1.136 0.254
1.899 -0.958 0.234
2.241 -0.487 0.227
2.243 -0.707 0.23
2.097 0.342 0.193
2.078 0.177 0.211
2.228 -1.277 0.273
2.095 -1.067 0.469
1.787 -1.429 0.382
1.815 -0.69 0.247
1.894 -1.332 0.805
2.2 -0.105 0.153
2.233 -1.188 0.367
2.144 0.546 0.153
2.169 -1.367 0.651
1.757 -0.916 0.358
2.066 -1.119 0.356
2.054 -0.58 0.25
1.873 0.535 0.155
2.295 -0.566 0.315
1.709 -0.552 0.247
1.899 1.133 0.074
2.167 0.3 0.15
1.894 0.687 0.12
1.747 0.043 0.179
2.091 -1.205 0.214
1.952 3.147 0.041
1.865 0.807 0.073
1.772 -1.336 0.821
2.268 0.05 0.156
1.117 0.876 0.154
1.26 0.245 0.286
1.261 0.944 0.199
0.857 0.513 0.178
0.748 0.564 0.173
1.246 -1.547 0.738
1.079 -0.875 0.576
0.874 0.818 0.103
0.923 0.888 0.236
0.993 0.869 0.093
1.067 -0.653 0.316
0.743 0.173 0.297
0.84 -1.856 0.492
0.779 1.192 0.035
1.227 -0.934 0.333
0.98 -1.232 0.381
1.151 0.879 0.191
1.127 -0.476 0.379
0.815 -1.572 0.33
1.049 0.736 0.24
0.78 -1.072 0.309
0.852 0.759 0.185
1.138 -0.699 1.0
0.886 0.911 0.062
1.135 1.402 0.121
0.839 1.445 0.216
1.204 -0.661 0.386
1.109 -1.199 0.433
1.161 -0.937 0.381
1.222 -0.571 0.481
1.033 0.786 0.128
0.855 -0.326 0.254
0.979 0.754 0.252
0.715 -0.929 0.686
0.967 -1.068 0.316
0.941 1.076 0.231
0.729 1.025 0.19
0.758 1.015 0.11
1.085 1.08 0.211
0.733 -0.551 0.479
0.934 0.056 0.279
0.886 -1.34 0.423
0.706 0.743 0.106
0.745 0.831 0.14
1.196 1.038 0.212
1.142 -1.122 0.377
0.86 -0.057 0.302
1.13 -1.463 0.505
0.784 0.683 0.183
1.138 -1.073 0.34
0.773 0.686 0.177
1.056 0.447 0.184
1.299 -0.635 0.501
1.264 -0.955 0.366
0.749 0.549 0.256
1.056 0.608 0.164
0.986 -1.163 0.328
0.731 -0.472 0.46
1.123 -0.869 0.334
1.003 -0.56 0.319
1.076 0.702 0.255
0.782 0.596 0.179
0.816 0.784 0.157
1.128 -0.903 0.355
1.256 -0.223 0.301
0.914 0.537 0.193
1.29 0.856 0.125
0.831 -0.575 0.395
0.813 -0.156 0.281
1.137 1.222 0.238
0.854 -1.248 0.348
1.273 -0.954 0.328
0.728 0.162 0.274
1.041 -1.173 0.649
1.181 0.607 0.245
1.145 0.871 0.134
1.276 -0.933 0.47
0.837 0.738 0.168
1.07 1.462 0.209
0.778 0.645 0.17
0.787 -1.422 0.354
1.144 -1.077 0.378
1.117 0.64 0.167
1.165 0.462 0.268
1.224 -1.071 0.42
0.812 0.816 0.117
1.129 -0.977 0.373
1.187 -0.806 0.355
0.846 0.977 0.078
0.994 -0.569 0.296
0.892 0.532 0.147
0.759 -1.349 0.451
1.216 -1.716 0.612
1.151 -1.078 0.599
0.706 -0.417 0.278
0.94 0.829 0.039
1.191 -1.453 0.57
1.275 0.975 0.148
0.847 0.247 0.252
1.271 -1.127 0.348
0.981 0.907 0.188
0.73 0.517 0.088
0.709 1.265 0.146
0.758 -1.95 0.665
1.031 1.178 0.221
1.296 0.881 0.152
1.198 0.991 0.072
1.28 -0.571 0.501
1.258 -1.158 0.387
1.237 0.893 0.23
1.188 0.214 0.289
1.069 -1.266 0.316
1.116 -0.965 0.599
1.268 1.153 0.093
1.088 -0.269 0.27
0.752 -0.946 0.327
1.019 -0.36 0.3
1.175 1.16 0.028
0.768 -1.22 0.795
0.747 0.84 0.152
1.209 -0.92 0.721
0.754 -1.699 0.311
0.792 -0.783 0.407
1.01 0.544 0.17
1.039 1.037 0.0
1.172 -0.645 0.415
1.135 0.793 0.0
0.745 0.687 0.148
1.037 -1.549 0.617
1.113 0.81 0.03
1.294 -0.03 0.286
1.179 0.924 0.164
1.24 -0.65 0.308
0.897 -1.156 0.518
1.013 -0.588 0.393
0.733 -0.824 0.472
1.18 -0.859 0.435
1.056 -0.702 0.815
1.119 -0.85 0.618
1.299 0.929 0.165
1.19 -1.296 0.339
0.835 -0.858 0.404
0.753 -0.198 0.252
0.904 0.971 0.18
1.106 -1.033 0.331
0.724 -0.084 0.275
1.18 -0.393 0.302
1.059 -0.729 0.421
1.198 -0.989 0.397
0.905 -0.961 0.361
0.894 -1.029 0.352
0.771 -0.812 0.37
0.794 1.021 0.123
0.875 -0.739 0.424
0.896 0.743 0.209
0.948 -1.499 0.448
0.978 -1.811 0.351
1.266 -1.063 0.875
1.25 1.246 0.062
0.755 1.343 0.139
0.804 -1.595 0.466
1.03 0.571 0.278
0.868 1.554 0.24
0.901 -0.407 0.288
1.299 -1.102 0.318
1.275 -1.406 0.363
0.752 1.165 0.204
1.097 -0.725 0.583
1.272 -0.697 0.446
0.818 -1.749 1.0
1.047 -0.19 0.283
0.971 -0.702 0.366
0.803 -2.23 0.519
1.162 -1.165 0.515
1.217 0.906 0.111
1.218 -1.038 0.475
1.001 0.806 0.229
0.871 -1.397 0.416
0.928 0.927 0.196
0.958 -1.409 0.316
1.036 -0.476 0.374
1.107 -0.047 0.25
1.002 -1.039 0.339
1.211 0.83 0.191
1.049 1.017 0.154
1.251 0.731 0.137
1.219 0.949 0.122
0.837 -0.881 0.315
0.843 1.512 0.174
1.046 0.525 0.185
1.14 -1.332 0.432
0.864 -1.432 0.983
1.254 0.334 0.249
0.942 0.87 0.186
0.919 -1.547 0.575
1.19 0.147 0.26
0.775 -0.385 0.276
1.298 0.404 0.188
1.263 0.707 0.11
1.229 0.915 0.13
0.994 -1.702 0.334
1.231 -0.505 0.384
0.968 1.061 0.125
0.786 -1.814 0.528
1.219 -1.735 0.32
1.049 -0.768 0.352
0.817 -0.596 0.454
0.852 -0.535 0.42
1.057 -0.424 0.272
0.877 0.033 0.287
0.807 0.837 0.176
0.88 -0.035 0.277
0.754 0.791 0.047
1.1 -1.028 0.403
1.129 0.291 0.263
0.853 0.429 0.247
1.187 -0.807 0.526
1.248 -1.537 0.437
1.246 0.26 0.29
1.099 -1.296 0.408
0.968 0.469 0.285
0.734 0.289 0.268
1.287 -0.412 0.269
1.183 -1.758 0.311
0.849 -0.028 0.262
1.18 1.157 0.132
0.735 0.771 0.145
1.292 1.127 0.03
0.774 0.844 0.183
0.762 0.587 0.053
1.202 0.573 0.221
0.742 -0.77 0.317
0.892 -1.11 0.408
0.832 -1.881 0.538
0.847 1.09 0.185
0.922 1.096 0.102
1.059 -0.895 0.411
1.015 0.189 0.276
1.29 0.641 0.23
1.239 -0.575 0.378
0.942 -0.239 0.296
1.082 -0.712 0.303
1.157 0.121 0.25
0.764 1.574 0.206
1.072 -0.732 0.437
1.136 -1.182 0.438
1.115 0.177 0.286
0.719 -0.778 0.31
1.267 -0.353 0.381
0.701 -0.204 0.261
0.757 -1.291 0.454
0.831 0.849 0.171
1.093 -1.525 0.524
1.001 -1.325 0.474
0.711 1.021 0.181
0.886 0.795 0.158
0.819 0.696 0.175
1.113 -1.12 0.328
1.22 -2.007 0.319
1.206 -1.406 0.846
0.787 -0.967 0.63
0.902 -1.211 0.304
0.778 0.962 0.173
1.214 1.237 0.081
1.233 1.322 0.187
1.159 0.809 0.169
1.109 -1.195 1.0
1.016 -0.264 0.295
1.245 0.815 0.157
0.754 1.211 0.227
1.206 0.989 0.229
0.949 1.521 0.093
1.082 0.713 0.186
1.109 -2.109 0.306
0.952 -1.805 0.357
0.789 0.048 0.293
1.111 1.152 0.203
1.004 0.396 0.27
0.97 -0.115 0.256
1.218 0.903 0.243
1.24 -0.964 0.426
0.829 0.76 0.244
0.981 -0.777 0.349
0.807 -1.301 0.338
1.047 0.779 0.104
0.978 0.609 0.155
1.12 0.749 0.074
1.247 0.897 0.043
0.971 0.332 0.257
1.277 0.473 0.291
0.847 0.11 0.25
1.21 -1.258 0.495
1.07 -0.762 0.396
0.912 -0.802 0.384
0.757 0.768 0.148
1.029 0.962 0.228
1.231 -1.55 0.834
1.01 1.051 0.024
0.832 -1.85 0.345
0.945 0.788 0.212
1.291 0.358 0.246
1.119 -0.857 0.341
1.237 0.672 0.073
0.702 -0.635 0.379
0.725 -0.809 0.405
1.043 -1.748 0.467
0.882 0.592 0.248
1.189 -0.269 0.297
1.095 1.389 0.0
0.947 1.389 0.094
1.059 -0.507 0.437
1.185 1.436 0.132
1.034 0.316 0.235
0.737 -1.342 1.0
0.919 -0.76 0.482
0.96 1.026 0.199
0.881 -1.111 0.406
1.037 0.215 0.292
1.123 0.793 0.192
1.084 -0.833 0.323
0.899 0.699 0.301
1.184 1.05 0.198
1.044 -1.534 0.347
0.995 0.426 0.229
0.812 0.752 0.189
1.271 -1.102 0.374
0.784 0.875 0.173
0.896 0.366 0.127
1.087 -1.079 0.308
1.138 -0.108 0.253
0.775 1.302 0.176
1.252 1.0 0.07
1.281 0.846 0.211
1.21 1.205 0.188
1.081 -0.532 0.732
1.027 0.923 0.113
1.274 -1.779 0.662
1.119 0.996 0.035
1.233 -0.196 0.301
1.12 -0.931 0.562
0.709 0.563 0.0
0.843 -1.699 0.555
1.076 1.63 0.232
1.203 -0.951 0.457
1.133 0.769 0.165
1.047 0.814 0.204
0.769 0.752 0.207
1.035 -1.822 0.478
0.907 0.802 0.058
1.032 -0.526 0.535
1.018 -0.965 0.39
1.172 0.851 0.079
1.216 1.219 0.135
0.701 0.348 0.226
0.978 -0.102 0.261
1.111 -1.369 0.352
0.913 0.976 0.176
1.175 0.547 0.131
0.704 1.022 0.108
0.799 1.21 0.193
1.026 -0.089 0.277
0.737 -0.61 0.488
1.102 -0.958 0.41
1.253 0.646 0.173
1.201 0.147 0.291
1.12 -0.294 0.293
1.248 -0.74 0.533
1.134 -1.615 0.357
1.119 0.772 0.072
0.702 0.773 0.102
0.814 1.129 0.153
1.105 0.997 0.094
1.172 0.839 0.0
1.28 0.803 0.234
1.168 -0.912 0.339
0.861 1.542 0.112
0.914 0.486 0.128
1.179 -1.685 0.497
1.02 -1.431 0.37
0.844 0.239 0.248
0.899 -1.366 0.309
0.907 -0.719 0.918
0.983 0.404 0.23
1.291 1.273 0.201
0.923 0.342 0.259
0.862 1.298 0.203
0.935 0.093 0.283
1.186 -1.132 0.348
0.746 -0.978 0.366
1.152 -1.233 0.321
1.238 1.095 0.052
0.896 0.275 0.254
1.27 -0.518 0.303
1.237 -1.646 0.505
1.284 -1.815 0.545
1.277 0.548 0.077
0.89 0.607 0.242
1.263 -0.846 0.47
0.827 0.538 0.093
1.074 -1.46 1.0
1.059 -1.334 0.51
0.868 1.305 0.104
1.196 0.095 0.264
0.745 -0.928 0.584
1.252 -0.11 0.276
0.759 1.563 0.13
1.258 -1.816 0.322
0.743 -1.392 0.435
1.14 -0.815 0.439
0.789 0.404 0.115
0.774 -0.797 0.321
0.909 0.538 0.244
0.768 1.158 0.178
0.719 0.19 0.262
0.762 -1.636 0.663
0.75 0.776 0.202
1.258 0.809 0.02
0.267 -1.153 0.535
-0.161 -0.468 0.609
0.092 0.199 0.0
-0.254 -0.798 0.505
-0.028 -1.053 0.618
0.067 -0.168 0.0
0.18 0.083 0.5
0.234 -0.438 0.487
-0.249 0.069 0.526
0.021 -1.372 0.709
0.185 1.825 0.347
-0.145 -0.255 0.512
-0.168 0.188 0.24
0.285 -0.203 0.535
0.118 -0.907 0.553
-0.203 1.806 0.308
-0.178 0.112 0.461
0.058 2.135 0.324
0.17 0.515 0.4
0.272 -0.346 0.0
0.035 0.402 0.38
-0.153 -0.705 0.538
-0.149 0.093 0.054
0.294 -0.738 0.567
0.24 -0.948 0.581
0.035 -1.061 0.641
-0.004 1.023 0.275
-0.184 0.077 0.424
-0.027 1.302 0.376
0.13 1.427 0.393
-0.167 -0.485 0.697
-0.091 -0.118 0.465
-0.098 -1.237 0.574
-0.265 -0.587 0.535
0.095 -0.886 0.542
-0.168 1.185 0.448
0.244 0.49 0.172
0.293 -0.288 0.53
-0.272 -0.747 0.741
0.186 0.488 0.182
-0.126 -0.398 0.531
0.008 0.227 0.462
0.128 -1.002 0.748
0.116 -0.356 0.768
0.092 1.075 0.369
-0.154 -0.876 0.537
-0.278 1.384 0.344
0.202 -0.808 0.213
-0.07 -1.196 0.511
0.22 0.334 0.502
0.115 -0.761 0.685
-0.097 -0.965 0.0
-0.108 -0.273 0.885
-0.047 -0.69 0.662
0.07 -0.566 0.648
0.033 -0.962 0.579
0.162 0.897 0.384
0.176 2.081 0.314
-0.108 -0.503 0.582
-0.135 1.306 0.437
0.008 0.118 0.12
-0.174 1.821 0.363
-0.003 -0.413 0.522
0.029 -1.091 0.898
-0.174 0.839 0.342
0.053 0.279 0.205
0.085 -0.93 0.559
-0.232 1.869 0.363
0.195 -0.082 0.466
-0.018 0.217 0.529
-0.083 0.727 0.182
0.035 -1.598 0.72
-0.231 0.796 0.493
-0.001 -0.552 0.598
-0.236 -0.703 0.739
-0.24 -0.48 0.522
0.237 1.521 0.33
0.053 0.098 0.466
0.144 1.658 0.271
-0.21 -0.448 0.255
-0.265 -1.918 0.565
-0.023 0.61 0.403
-0.114 -1.408 0.589
-0.25 1.675 0.351
-0.196 -0.507 0.148
0.055 -0.67 0.606
-0.253 1.175 0.391
0.265 -1.342 0.549
-0.293 0.46 0.502
-0.08 0.082 0.473
-0.055 0.094 0.465
-0.183 0.477 0.29
0.126 -0.661 0.927
0.271 1.145 0.337
-0.103 -0.084 0.463
-0.252 -0.735 0.613
-0.121 -1.337 0.581
-0.222 -0.896 0.535
0.209 -1.426 0.535
-0.128 -0.978 0.576
0.061 -0.626 1.0
-0.146 1.049 0.375
-0.277 -0.971 0.759
0.013 -0.158 0.478
0.155 0.894 0.439
0.206 -0.978 0.571
-0.12 -0.078 0.239
-0.256 0.094 0.124
-0.142 -0.439 0.519
-0.011 1.657 0.371
0.238 0.913 0.363
0.197 0.091 0.387
-0.19 -0.911 0.843
0.029 -0.345 0.492
0.035 -0.383 0.488
-0.07 -0.797 0.517
0.048 -0.851 0.539
0.259 0.395 0.483
-0.236 -0.389 0.6
0.263 -1.148 0.569
0.022 -0.782 0.152
0.134 1.116 0.28
-0.089 -0.43 0.618
-0.271 -0.768 0.791
-0.178 1.327 0.316
-0.189 1.739 0.398
-0.009 -0.976 0.915
-0.01 -0.639 0.51
0.069 -1.043 1.0
0.025 -1.049 0.608
0.239 0.477 0.435
0.194 -0.278 0.536
0.201 -0.649 0.744
0.081 1.404 0.373
0.281 -1.0 0.7
0.295 0.083 0.47
-0.299 0.509 0.249
0.0 0.186 0.204
-0.193 1.058 0.42
0.254 -1.004 0.544
-0.149 0.809 0.478
0.199 0.208 0.527
-0.063 0.457 0.437
-0.258 -0.22 0.532
-0.036 -0.629 0.493
0.1 -0.51 0.529
0.075 -1.136 0.558
0.002 -0.737 0.647
-0.199 1.848 0.276
0.294 2.009 0.365
0.105 1.198 0.277
0.107 1.07 0.335
-0.203 0.672 0.423
0.223 -0.12 0.096
-0.164 -1.241 0.606
0.01 0.866 0.365
-0.263 -0.344 0.523
0.077 -0.155 0.505
0.104 0.63 0.479
0.234 0.954 0.458
0.122 -0.916 0.539
0.201 1.835 0.28
-0.106 -0.053 0.523
0.262 0.582 0.427
-0.183 -0.825 0.221
-0.287 0.212 0.49
0.141 0.984 0.424
0.182 -0.355 0.993
0.21 0.218 0.498
-0.184 0.46 0.021
0.242 1.332 0.361
0.082 2.76 0.357
-0.258 1.242 0.347
0.267 0.787 0.394
-0.091 -0.383 0.782
-0.188 1.072 0.252
-0.066 -1.134 0.507
0.142 0.793 0.4
0.044 1.445 0.321
0.192 -1.113 0.652
0.045 1.375 0.379
0.226 -0.654 0.564
-0.159 2.267 0.279
-0.037 -1.217 0.575
0.015 -0.777 0.772
-0.232 -0.348 0.497
0.119 -0.759 0.829
0.101 -1.226 0.686
-0.12 -0.608 0.852
-0.015 -0.699 0.593
0.279 1.73 0.328
0.111 -1.284 0.841
0.077 -0.467 0.752
-0.059 0.107 0.481
0.004 0.42 0.39
0.255 1.223 0.193
0.094 0.751 0.454
0.185 -0.568 0.633
0.097 0.702 0.498
-0.259 1.34 0.407
-0.199 -0.775 0.604
-0.267 -1.111 0.616
-0.17 -0.266 0.655
-0.266 -1.0 0.851
0.181 0.899 0.321
0.269 -1.535 0.617
-0.162 0.199 0.189
-0.23 -0.064 0.019
-0.044 1.244 0.385
-0.006 -0.312 0.233
0.171 -1.835 0.804
-0.06 0.125 0.212
0.205 -1.101 0.54
0.276 -1.425 0.771
-0.072 -0.991 0.603
0.269 1.327 0.414
-0.059 -0.467 0.702
0.156 0.73 0.379
0.122 1.464 0.354
-0.136 0.593 0.375
-0.276 0.981 0.481
-0.126 -0.073 0.447
-0.233 -1.245 0.82
0.052 0.406 0.406
-0.29 -0.372 0.758
0.12 -0.688 0.638
0.037 -0.319 1.0
-0.022 0.297 0.477
0.283 0.219 0.456
0.19 0.309 0.432
-0.293 -2.009 0.868
-0.268 -1.065 0.144
0.072 1.339 0.321
0.14 0.585 0.473
0.105 0.142 0.472
-0.228 0.546 0.464
0.134 0.905 0.385
0.2 1.593 0.37
0.079 -1.29 0.598
0.16 -0.353 0.668
-0.055 1.063 0.149
-0.192 -1.02 0.556
0.165 1.233 0.413
-0.24 1.267 0.412
-0.224 0.211 0.468
0.166 -0.629 0.033
-0.288 -0.088 0.475
-0.198 1.49 0.386
0.088 2.349 0.389
0.012 0.117 0.422
0.131 0.812 0.269
-0.114 -0.08 0.508
0.187 -1.69 0.581
0.126 0.59 0.426
0.024 -0.753 0.793
-0.191 0.824 0.45
-0.089 -0.28 0.497
-0.18 -0.758 0.623
0.069 -1.912 0.577
0.193 1.397 0.307
-0.149 0.594 0.215
0.254 1.438 0.369
0.056 1.24 0.307
0.189 -0.737 0.546
0.088 2.483 0.324
-0.136 0.057 0.469
0.257 -0.648 0.234
0.251 -0.661 0.684
-0.051 -0.531 0.729
0.155 0.411 0.44
0.179 -0.042 0.463
0.049 -0.413 0.563
0.003 -0.091 0.472
-0.058 1.111 0.328
0.031 -0.732 0.802
-0.116 1.444 0.373
-0.169 1.29 0.378
0.053 -0.875 0.618
-0.274 -1.909 0.605
0.005 -0.492 0.844
0.203 -0.572 0.725
-0.282 0.155 0.478
0.201 1.974 0.379
0.277 0.88 0.184
-0.242 -2.323 0.746
-0.256 -1.018 0.757
-0.282 -1.022 0.694
0.049 -0.395 0.694
-0.057 -0.69 0.544
0.104 1.866 0.386
-0.19 -0.994 0.51
0.12 0.964 0.215
-0.046 1.103 0.427
0.27 0.337 0.531
0.114 -0.731 0.488
0.051 1.272 0.281
0.019 0.79 0.296
-0.051 1.099 0.306
-0.234 -0.924 0.701
0.182 2.623 0.355
0.089 -1.607 0.562
-0.177 -1.643 0.581
-0.277 0.279 0.433
-0.236 -0.404 0.708
-0.291 2.67 0.369
0.279 -1.245 0.594
0.053 1.266 0.31
-0.051 -0.792 0.518
-0.077 1.636 0.355
0.192 2.369 0.358
-0.021 1.529 0.411
0.258 0.691 0.48
0.092 -2.3 0.983
-0.172 -0.356 0.235
0.23 1.784 0.273
0.144 -0.019 0.535
-0.175 -0.792 0.665
0.067 -0.36 0.739
0.016 -1.153 0.772
-0.197 -0.404 0.517
0.006 2.294 0.332
0.234 0.797 0.255
0.191 1.161 0.333
0.229 -0.63 0.741
0.286 -0.424 0.731
0.299 0.386 0.466
0.155 1.437 0.388
0.289 -0.077 0.492
-0.216 -0.753 0.683
-0.03 -0.62 0.519
-0.224 -0.332 0.493
-0.034 0.555 0.435
-0.27 -0.505 0.853
-0.288 -0.919 0.62
0.002 0.913 0.358
-0.051 1.341 0.354
0.168 1.267 0.379
-0.181 1.571 0.369
-0.221 -1.299 0.58
-0.224 2.191 0.354
0.095 1.096 0.369
-0.193 -1.431 0.867
-0.132 1.321 0.367
0.11 1.013 0.284
-0.008 -0.288 0.53
-0.138 -1.352 1.0
0.009 -0.44 0.519
-0.21 -1.127 0.689
-0.109 -1.343 0.762
0.188 -0.26 0.544
0.23 -1.408 0.687
0.27 0.996 0.3
-0.077 -0.534 0.51
-0.14 -1.32 0.672
-0.278 1.358 0.295
0.073 1.203 0.407
-0.101 -0.797 0.55
-0.274 -0.757 0.804
0.022 0.651 0.423
-0.197 2.458 0.291
-0.205 -0.031 0.448
-0.271 -0.039 0.494
0.246 2.076 0.294
0.028 0.553 0.407
-0.224 1.787 0.282
-0.212 -1.008 0.634
0.263 -0.265 0.784
-0.255 -1.636 0.559
0.07 0.046 0.467
-0.282 1.443 0.273
-0.071 -0.96 0.846
0.265 -0.805 0.643
-0.08 1.864 0.355
-0.033 1.726 0.462
-0.257 -0.792 0.626
-0.257 -0.435 0.541
0.044 -0.976 0.523
0.272 0.451 0.183
0.22 0.285 0.433
0.09 -0.736 0.662
0.287 0.842 0.283
-0.041 0.653 0.083
0.275 0.211 0.243
0.014 1.993 0.353
-0.262 1.172 0.347
-0.021 1.918 0.278
0.28 -0.638 0.631
-0.05 -0.783 0.809
0.291 0.191 0.262
-0.067 1.539 0.345
-0.203 -0.869 0.6
-0.147 1.132 0.423
-0.156 0.189 0.486
0.049 0.758 0.337
-0.204 1.076 0.348
-0.085 -0.218 0.504
0.282 -0.845 1.0
-0.231 0.783 0.388
0.092 -1.384 0.736
-0.164 0.385 0.417
-0.057 -0.48 0.574
-0.253 -0.298 0.529
0.153 1.218 0.278
0.21 0.606 0.407
0.155 -0.861 0.654
-0.103 -0.697 0.698
0.025 -1.035 0.547
-0.112 1.097 0.399
0.288 -0.626 0.818
-0.044 0.327 0.248
0.191 0.093 0.0
-0.246 -0.379 0.531
0.268 0.409 0.447
0.231 2.081 0.259
0.114 -1.262 0.536
-0.011 -0.657 0.761
0.108 0.1 0.443
